time	V(vin)	V(vo1)	V(vo2)
0.000000000000000e+00	0.000000e+00	-1.471202e-01	1.786869e-04
1.670174043229258e-08	-4.197605e-04	-1.471165e-01	1.819970e-04
3.340348086458517e-08	-8.395211e-04	-1.471320e-01	1.664523e-04
5.010522129687775e-08	-1.259282e-03	-1.471668e-01	1.320526e-04
6.680696172917034e-08	-1.679042e-03	-1.472209e-01	7.879805e-05
8.350870216146292e-08	-2.098803e-03	-1.472943e-01	6.688571e-06
1.002104425937555e-07	-2.518563e-03	-1.473869e-01	-8.427582e-05
1.169121830260480e-07	-2.938323e-03	-1.474988e-01	-1.940951e-04
1.573065147718692e-07	-3.953543e-03	-1.479165e-01	-5.955801e-04
2.038281145852194e-07	-5.122758e-03	-1.486339e-01	-1.264078e-03
2.678053447568661e-07	-6.730679e-03	-1.500328e-01	-2.502716e-03
3.528969592318737e-07	-8.869261e-03	-1.525735e-01	-4.574359e-03
4.674289965525523e-07	-1.174776e-02	-1.570575e-01	-7.830293e-03
5.963024099650690e-07	-1.498668e-02	-1.634235e-01	-1.180663e-02
7.424785676930039e-07	-1.866045e-02	-1.722066e-01	-1.643766e-02
8.839764215078288e-07	-2.221664e-02	-1.823558e-01	-2.088808e-02
1.072329389404081e-06	-2.695037e-02	-1.985188e-01	-2.668855e-02
1.343781055552860e-06	-3.377250e-02	-2.262830e-01	-3.480563e-02
1.634970547869026e-06	-4.109057e-02	-2.613525e-01	-4.306170e-02
1.911789263119171e-06	-4.804735e-02	-2.994513e-01	-5.010543e-02
2.132709916728585e-06	-5.359924e-02	-3.327894e-01	-5.462153e-02
2.317709305481232e-06	-5.824833e-02	-3.622256e-01	-5.689182e-02
2.524847503464255e-06	-6.345367e-02	-3.957283e-01	-5.704554e-02
2.725684750902704e-06	-6.850058e-02	-4.276779e-01	-5.429621e-02
2.915250381876786e-06	-7.326414e-02	-4.564030e-01	-4.861914e-02
3.122542852113841e-06	-7.847302e-02	-4.855007e-01	-3.929434e-02
3.331315862242295e-06	-8.371899e-02	-5.120478e-01	-2.752233e-02
3.559814270206101e-06	-8.946043e-02	-5.380673e-01	-1.314778e-02
3.767148322599404e-06	-9.466992e-02	-5.592113e-01	2.154132e-04
3.974752648673225e-06	-9.988604e-02	-5.782594e-01	1.312449e-02
4.216016330581583e-06	-1.059477e-01	-5.983095e-01	2.685663e-02
4.556161254336290e-06	-1.144932e-01	-6.241834e-01	4.399044e-02
4.865229658944348e-06	-1.222575e-01	-6.458508e-01	5.730448e-02
5.393568691748092e-06	-1.355292e-01	-6.803491e-01	7.646867e-02
6.011472114206041e-06	-1.510489e-01	-7.187318e-01	9.593299e-02
6.587169535577184e-06	-1.655064e-01	-7.532080e-01	1.123035e-01
7.903518017846990e-06	-1.985554e-01	-8.294328e-01	1.472949e-01
1.049883840069361e-05	-2.636733e-01	-9.743487e-01	2.140569e-01
1.670795521167564e-05	-4.191459e-01	-1.307868e+00	3.711480e-01
3.135639271167564e-05	-7.829837e-01	-2.066016e+00	7.367380e-01
4.112201771167565e-05	-1.024183e+00	-2.559841e+00	9.787791e-01
5.088764271167565e-05	-1.259382e+00	-3.040399e+00	1.214935e+00
6.065326771167565e-05	-1.488579e+00	-3.507689e+00	1.445207e+00
7.041889271167566e-05	-1.711775e+00	-3.961713e+00	1.669593e+00
8.018451771167567e-05	-1.928971e+00	-4.402469e+00	1.888095e+00
8.995014271167567e-05	-2.140165e+00	-4.829959e+00	2.100712e+00
9.971576771167566e-05	-2.345358e+00	-5.244181e+00	2.307445e+00
1.157592944973900e-04	-2.665573e+00	-5.891048e+00	2.630583e+00
1.318028212831043e-04	-2.952444e+00	-6.470613e+00	2.920625e+00
1.478463480688186e-04	-3.205972e+00	-6.982875e+00	3.177572e+00
1.638898748545329e-04	-3.426156e+00	-7.427835e+00	3.401423e+00
1.799334016402472e-04	-3.612997e+00	-7.805493e+00	3.592178e+00
1.959769284259615e-04	-3.766494e+00	-8.115848e+00	3.749838e+00
2.120204552116757e-04	-3.886648e+00	-8.358900e+00	3.874402e+00
2.336443391402472e-04	-3.974584e+00	-8.538249e+00	3.968594e+00
2.552682230688186e-04	-3.992276e+00	-8.576148e+00	3.992398e+00
2.768921069973901e-04	-3.939724e+00	-8.472597e+00	3.945813e+00
2.985159909259616e-04	-3.816930e+00	-8.227595e+00	3.828839e+00
3.201398748545330e-04	-3.623893e+00	-7.841142e+00	3.641475e+00
3.417637587831045e-04	-3.360612e+00	-7.313240e+00	3.383723e+00
3.633876427116759e-04	-3.027088e+00	-6.643887e+00	3.055582e+00
3.752459016402473e-04	-2.820730e+00	-6.229506e+00	2.851859e+00
3.871041605688188e-04	-2.601958e+00	-5.789367e+00	2.635546e+00
3.989624194973902e-04	-2.370773e+00	-5.323468e+00	2.406642e+00
4.108206784259617e-04	-2.127175e+00	-4.831810e+00	2.165147e+00
4.226789373545331e-04	-1.871164e+00	-4.314393e+00	1.911062e+00
4.345371962831045e-04	-1.602739e+00	-3.771217e+00	1.644386e+00
4.463954552116760e-04	-1.321902e+00	-3.202282e+00	1.365119e+00
4.519758123545331e-04	-1.188328e+00	-2.931707e+00	1.232152e+00
4.575561694973903e-04	-1.053710e+00	-2.657550e+00	1.098163e+00
4.631365266402474e-04	-9.180491e-01	-2.379812e+00	9.631510e-01
4.687168837831046e-04	-7.813450e-01	-2.098491e+00	8.271169e-01
4.742972409259617e-04	-6.435977e-01	-1.813589e+00	6.900603e-01
4.798775980688188e-04	-5.048070e-01	-1.525104e+00	5.519813e-01
4.854579552116760e-04	-3.649731e-01	-1.233038e+00	4.128799e-01
4.903407677116759e-04	-2.426140e-01	-9.701813e-01	2.917937e-01
4.952235802116759e-04	-1.200265e-01	-6.951438e-01	1.721763e-01
4.985386254220634e-04	-3.672783e-02	-4.941064e-01	9.401295e-02
4.996502749639504e-04	-8.789542e-03	-4.170858e-01	7.115051e-02
5.005582597296034e-04	1.403057e-02	-3.436146e-01	5.683066e-02
5.009690489785423e-04	2.435471e-02	-3.048797e-01	5.287704e-02
5.012812976743389e-04	3.220218e-02	-2.711374e-01	5.203117e-02
5.014677145609652e-04	3.688717e-02	-2.485623e-01	5.277424e-02
5.016920340868791e-04	4.252465e-02	-2.178668e-01	5.524971e-02
5.020630597989163e-04	5.184890e-02	-1.603694e-01	6.184620e-02
5.023882165426001e-04	6.002017e-02	-1.027993e-01	6.966666e-02
5.027322041679794e-04	6.866441e-02	-3.349265e-02	7.954419e-02
5.030711472166710e-04	7.718156e-02	4.341303e-02	9.004831e-02
5.035429810304815e-04	8.903747e-02	1.622684e-01	1.050085e-01
5.039720298936905e-04	9.981763e-02	2.784666e-01	1.182868e-01
5.042097082701029e-04	1.057892e-01	3.445247e-01	1.248865e-01
5.043745123538322e-04	1.099296e-01	3.880380e-01	1.282881e-01
5.045580933748633e-04	1.145417e-01	4.316234e-01	1.305546e-01
5.046851042178310e-04	1.177325e-01	4.559106e-01	1.308207e-01
5.047643817163918e-04	1.197241e-01	4.677625e-01	1.305530e-01
5.048659894906465e-04	1.222766e-01	4.804423e-01	1.301305e-01
5.049446082136713e-04	1.242516e-01	4.884981e-01	1.298779e-01
5.050121306499074e-04	1.259478e-01	4.941764e-01	1.298248e-01
5.050869103670149e-04	1.278262e-01	4.994435e-01	1.300249e-01
5.051794425914853e-04	1.301506e-01	5.049784e-01	1.306408e-01
5.052689466400856e-04	1.323989e-01	5.095574e-01	1.316339e-01
5.053890072668063e-04	1.354146e-01	5.148829e-01	1.335070e-01
5.055402196174184e-04	1.392128e-01	5.208930e-01	1.364367e-01
5.056918874560827e-04	1.430222e-01	5.264581e-01	1.398032e-01
5.058733735755485e-04	1.475805e-01	5.327860e-01	1.441398e-01
5.060884417218312e-04	1.529819e-01	5.400675e-01	1.494414e-01
5.066595539131964e-04	1.673240e-01	5.588587e-01	1.636974e-01
5.082292278364843e-04	2.067309e-01	6.082479e-01	2.029692e-01
5.103221264008682e-04	2.592415e-01	6.711680e-01	2.553576e-01
5.137860103566702e-04	3.460471e-01	7.715212e-01	3.420315e-01
5.175440916918453e-04	4.400387e-01	8.768292e-01	4.359219e-01
5.224269041918453e-04	5.617861e-01	1.009972e+00	5.575727e-01
5.321925291918453e-04	8.035806e-01	1.268515e+00	7.992775e-01
5.426556988347024e-04	1.061871e+00	1.538218e+00	1.057525e+00
5.531188684775596e-04	1.312953e+00	1.799369e+00	1.308587e+00
5.635820381204167e-04	1.556828e+00	2.051970e+00	1.552463e+00
5.740452077632739e-04	1.793496e+00	2.296021e+00	1.789153e+00
5.845083774061311e-04	2.022955e+00	2.531520e+00	2.018658e+00
5.949715470489883e-04	2.245208e+00	2.758469e+00	2.240978e+00
6.054347166918454e-04	2.460252e+00	2.976868e+00	2.456111e+00
6.221757881204168e-04	2.784187e+00	3.306253e+00	2.780228e+00
6.389168595489883e-04	3.070654e+00	3.597478e+00	3.066913e+00
6.556579309775597e-04	3.319653e+00	3.850543e+00	3.316164e+00
6.723990024061311e-04	3.531183e+00	4.065447e+00	3.527982e+00
6.891400738347027e-04	3.705245e+00	4.242191e+00	3.702367e+00
7.058811452632741e-04	3.841839e+00	4.380774e+00	3.839319e+00
7.226222166918455e-04	3.940964e+00	4.481198e+00	3.938837e+00
7.435485559775598e-04	3.991632e+00	4.533203e+00	3.990039e+00
7.644748952632741e-04	3.977326e+00	4.519333e+00	3.976267e+00
7.854012345489884e-04	3.898047e+00	4.439586e+00	3.897521e+00
8.063275738347028e-04	3.753795e+00	4.293962e+00	3.753801e+00
8.272539131204170e-04	3.544570e+00	4.082463e+00	3.545107e+00
8.481802524061314e-04	3.270371e+00	3.805086e+00	3.271439e+00
8.691065916918456e-04	2.931199e+00	3.461834e+00	2.932796e+00
8.809648506204170e-04	2.717052e+00	3.245113e+00	2.718925e+00
8.928231095489885e-04	2.491155e+00	3.015625e+00	2.493286e+00
9.046813684775599e-04	2.253508e+00	2.773370e+00	2.255880e+00
9.165396274061313e-04	2.004111e+00	2.518349e+00	2.006706e+00
9.283978863347029e-04	1.742964e+00	2.250561e+00	1.745765e+00
9.402561452632743e-04	1.470067e+00	1.970006e+00	1.473056e+00
9.521144041918457e-04	1.185421e+00	1.676685e+00	1.188580e+00
9.562996720489885e-04	1.084383e+00	1.572152e+00	1.087597e+00
9.604849399061314e-04	9.827723e-01	1.466207e+00	9.860347e-01
9.646702077632742e-04	8.805886e-01	1.358850e+00	8.838919e-01
9.688554756204171e-04	7.778320e-01	1.250082e+00	7.811690e-01
9.730407434775599e-04	6.745023e-01	1.139902e+00	6.778659e-01
9.772260113347028e-04	5.705997e-01	1.028311e+00	5.739825e-01
9.814112791918456e-04	4.661241e-01	9.153086e-01	4.695190e-01
9.862940916918455e-04	3.440414e-01	7.791793e-01	3.474100e-01
9.911769041918454e-04	2.216350e-01	6.354254e-01	2.248797e-01
9.960597166918453e-04	9.902000e-02	4.785990e-01	1.018750e-01
9.980391126266604e-04	4.928123e-02	4.042743e-01	5.160455e-02
9.992798112202087e-04	1.810026e-02	3.464729e-01	1.960772e-02
1.000089113675001e-03	-2.239671e-03	2.973478e-01	-1.867146e-03
1.000866196366412e-03	-2.176978e-02	2.315044e-01	-2.350546e-02
1.001712713055721e-03	-4.304434e-02	1.294445e-01	-4.845192e-02
1.002446392883832e-03	-6.148214e-02	5.608012e-03	-7.104756e-02
1.003244689187046e-03	-8.154228e-02	-1.660174e-01	-9.599379e-02
1.003583477759529e-03	-9.005501e-02	-2.508918e-01	-1.062777e-01
1.003802874519580e-03	-9.556757e-02	-3.109984e-01	-1.123953e-01
1.003932225305747e-03	-9.881755e-02	-3.477067e-01	-1.154333e-01
1.004028466362966e-03	-1.012356e-01	-3.754205e-01	-1.170298e-01
1.004128381915721e-03	-1.037459e-01	-4.042198e-01	-1.177241e-01
1.004223498972527e-03	-1.061357e-01	-4.312513e-01	-1.169091e-01
1.004363322645079e-03	-1.096485e-01	-4.697247e-01	-1.126852e-01
1.004490945699007e-03	-1.128548e-01	-5.028397e-01	-1.053173e-01
1.004631067719135e-03	-1.163750e-01	-5.360702e-01	-9.296746e-02
1.004777904392305e-03	-1.200638e-01	-5.668724e-01	-7.610378e-02
1.004955125017264e-03	-1.245158e-01	-5.988027e-01	-5.245145e-02
1.005131113606484e-03	-1.289366e-01	-6.256123e-01	-2.765711e-02
1.005294932541613e-03	-1.330516e-01	-6.466039e-01	-5.064464e-03
1.005468434775399e-03	-1.374097e-01	-6.655273e-01	1.693989e-02
1.005660953174877e-03	-1.422453e-01	-6.836340e-01	3.813994e-02
1.005913679889918e-03	-1.485928e-01	-7.044504e-01	6.116799e-02
1.006170940434347e-03	-1.550538e-01	-7.233194e-01	7.960888e-02
1.006534921863341e-03	-1.641944e-01	-7.476034e-01	9.949447e-02
1.006912680007521e-03	-1.736800e-01	-7.712404e-01	1.155894e-01
1.007250303842696e-03	-1.821570e-01	-7.914793e-01	1.272985e-01
1.007617308577609e-03	-1.913708e-01	-8.129306e-01	1.384319e-01
1.008477784015238e-03	-2.129692e-01	-8.620932e-01	1.619606e-01
1.010194592467471e-03	-2.560518e-01	-9.571831e-01	2.060633e-01
1.011911400919703e-03	-2.990933e-01	-1.051284e+00	2.499560e-01
1.013628209371936e-03	-3.420936e-01	-1.144396e+00	2.936385e-01
1.015345017824169e-03	-3.850529e-01	-1.236519e+00	3.371110e-01
1.017061826276402e-03	-4.279711e-01	-1.327654e+00	3.803733e-01
1.018778634728635e-03	-4.708482e-01	-1.417799e+00	4.234256e-01
1.020495443180868e-03	-5.136842e-01	-1.506955e+00	4.662678e-01
1.035143880680867e-03	-8.761016e-01	-2.257619e+00	8.301992e-01
1.045607050323724e-03	-1.133191e+00	-2.782789e+00	1.088221e+00
1.056070219966581e-03	-1.382784e+00	-3.291770e+00	1.338888e+00
1.066533389609438e-03	-1.624882e+00	-3.784563e+00	1.582200e+00
1.076996559252295e-03	-1.859483e+00	-4.261167e+00	1.818156e+00
1.087459728895152e-03	-2.086589e+00	-4.721583e+00	2.046757e+00
1.097922898538009e-03	-2.306198e+00	-5.165810e+00	2.268002e+00
1.108386068180866e-03	-2.518312e+00	-5.593849e+00	2.481892e+00
1.125127139609437e-03	-2.836900e+00	-6.237217e+00	2.803739e+00
1.141868211038008e-03	-3.117610e+00	-6.804217e+00	3.087950e+00
1.158609282466579e-03	-3.360442e+00	-7.294849e+00	3.334527e+00
1.175350353895150e-03	-3.565395e+00	-7.709115e+00	3.543468e+00
1.192091425323721e-03	-3.732469e+00	-8.047013e+00	3.714774e+00
1.208832496752292e-03	-3.861665e+00	-8.308544e+00	3.848444e+00
1.225573568180863e-03	-3.952983e+00	-8.493708e+00	3.944480e+00
1.245802362823720e-03	-3.993911e+00	-8.578393e+00	3.991304e+00
1.266031157466577e-03	-3.974103e+00	-8.540726e+00	3.977229e+00
1.286259952109433e-03	-3.893558e+00	-8.380709e+00	3.902255e+00
1.306488746752290e-03	-3.752277e+00	-8.098339e+00	3.766380e+00
1.326717541395147e-03	-3.550259e+00	-7.693619e+00	3.569606e+00
1.346946336038004e-03	-3.287504e+00	-7.166547e+00	3.311932e+00
1.367175130680860e-03	-2.964013e+00	-6.517123e+00	2.993359e+00
1.379033389609431e-03	-2.752466e+00	-6.092256e+00	2.784396e+00
1.390891648538003e-03	-2.528943e+00	-5.642429e+00	2.563279e+00
1.402749907466574e-03	-2.293445e+00	-5.167642e+00	2.330008e+00
1.414608166395145e-03	-2.045971e+00	-4.667897e+00	2.084581e+00
1.426466425323716e-03	-1.786521e+00	-4.143191e+00	1.827000e+00
1.438324684252287e-03	-1.515095e+00	-3.593526e+00	1.557264e+00
1.450182943180858e-03	-1.231694e+00	-3.018902e+00	1.275374e+00
1.455065755680858e-03	-1.114096e+00	-2.780229e+00	1.158298e+00
1.459948568180858e-03	-9.957292e-01	-2.538833e+00	1.040472e+00
1.464831380680858e-03	-8.765947e-01	-2.294713e+00	9.218963e-01
1.469714193180858e-03	-7.566924e-01	-2.047870e+00	8.025700e-01
1.474597005680858e-03	-6.360222e-01	-1.798303e+00	6.824936e-01
1.479479818180858e-03	-5.145840e-01	-1.546013e+00	5.616670e-01
1.484362630680858e-03	-3.923779e-01	-1.291000e+00	4.400902e-01
1.489245443180858e-03	-2.700858e-01	-1.029929e+00	3.189019e-01
1.494128255680858e-03	-1.475396e-01	-7.556827e-01	1.991239e-01
1.499011068180857e-03	-2.485441e-02	-4.565783e-01	8.485297e-02
1.500384999491330e-03	9.676083e-03	-3.544116e-01	5.996593e-02
1.501209227383883e-03	3.039091e-02	-2.727635e-01	5.435469e-02
1.501869857699299e-03	4.699357e-02	-1.878208e-01	5.866464e-02
1.502222954728250e-03	5.586713e-02	-1.319440e-01	6.519254e-02
1.502459671769856e-03	6.181583e-02	-8.832427e-02	7.143240e-02
1.502727277909018e-03	6.854062e-02	-3.359494e-02	7.934535e-02
1.503008891725292e-03	7.561719e-02	2.963954e-02	8.807442e-02
1.503388635914579e-03	8.515927e-02	1.237268e-01	1.000913e-01
1.503930116794367e-03	9.876457e-02	2.684666e-01	1.169835e-01
1.504181027757919e-03	1.050686e-01	3.378809e-01	1.241302e-01
1.504346878947112e-03	1.092354e-01	3.820205e-01	1.277190e-01
1.504541092732976e-03	1.141146e-01	4.287893e-01	1.303245e-01
1.504610931376989e-03	1.158691e-01	4.434276e-01	1.307218e-01
1.504670824652907e-03	1.173738e-01	4.541056e-01	1.307034e-01
1.504752110650341e-03	1.194158e-01	4.665384e-01	1.304533e-01
1.504844597384431e-03	1.217392e-01	4.784089e-01	1.300727e-01
1.504925342820572e-03	1.237676e-01	4.869601e-01	1.297909e-01
1.504991371604540e-03	1.254263e-01	4.927355e-01	1.297025e-01
1.505065362214910e-03	1.272849e-01	4.981375e-01	1.298478e-01
1.505158926872400e-03	1.296353e-01	5.039181e-01	1.303966e-01
1.505248155498052e-03	1.318766e-01	5.086135e-01	1.313136e-01
1.505360865051240e-03	1.347078e-01	5.137300e-01	1.329861e-01
1.505506419959912e-03	1.383638e-01	5.196191e-01	1.357156e-01
1.505656198241726e-03	1.421258e-01	5.251860e-01	1.389737e-01
1.505832000488311e-03	1.465414e-01	5.313658e-01	1.431318e-01
1.506037864724009e-03	1.517117e-01	5.383707e-01	1.481858e-01
1.506578690912531e-03	1.652935e-01	5.562317e-01	1.616759e-01
1.507985150487460e-03	2.006045e-01	6.007214e-01	1.968604e-01
1.509860429920699e-03	2.476611e-01	6.573882e-01	2.437993e-01
1.513610988787178e-03	3.416646e-01	7.665094e-01	3.376552e-01
1.517009771940269e-03	4.266888e-01	8.620934e-01	4.225880e-01
1.521892584440269e-03	5.484871e-01	9.955393e-01	5.442808e-01
1.531658209440269e-03	7.904210e-01	1.254589e+00	7.861215e-01
1.542121379083126e-03	1.048919e+00	1.524656e+00	1.044575e+00
1.552584548725982e-03	1.300262e+00	1.786199e+00	1.295896e+00
1.563047718368839e-03	1.544450e+00	2.039219e+00	1.540084e+00
1.573510888011696e-03	1.781483e+00	2.283715e+00	1.777138e+00
1.583974057654553e-03	2.011360e+00	2.519688e+00	2.007060e+00
1.594437227297410e-03	2.234083e+00	2.747137e+00	2.229849e+00
1.604900396940267e-03	2.449650e+00	2.966063e+00	2.445504e+00
1.621641468368838e-03	2.774541e+00	3.296437e+00	2.770576e+00
1.638382539797409e-03	3.062040e+00	3.588724e+00	3.058291e+00
1.655123611225980e-03	3.312146e+00	3.842922e+00	3.308648e+00
1.671864682654551e-03	3.524860e+00	4.059033e+00	3.521648e+00
1.688605754083122e-03	3.700180e+00	4.237055e+00	3.697291e+00
1.705346825511694e-03	3.838108e+00	4.376990e+00	3.835576e+00
1.722087896940265e-03	3.938643e+00	4.478837e+00	3.936504e+00
1.743014236225978e-03	3.991138e+00	4.532687e+00	3.989533e+00
1.763940575511692e-03	3.978596e+00	4.520599e+00	3.977523e+00
1.784866914797406e-03	3.901016e+00	4.442573e+00	3.900476e+00
1.805793254083120e-03	3.758398e+00	4.298608e+00	3.758390e+00
1.826719593368834e-03	3.550743e+00	4.088705e+00	3.551267e+00
1.847645932654548e-03	3.278050e+00	3.812863e+00	3.279105e+00
1.868572271940262e-03	2.940320e+00	3.471083e+00	2.941905e+00
1.880430530868833e-03	2.726889e+00	3.255091e+00	2.728750e+00
1.892288789797404e-03	2.501646e+00	3.026282e+00	2.503766e+00
1.904147048725975e-03	2.264589e+00	2.784656e+00	2.266951e+00
1.916005307654546e-03	2.015721e+00	2.530213e+00	2.018306e+00
1.927863566583117e-03	1.755039e+00	2.262953e+00	1.757831e+00
1.939721825511689e-03	1.482546e+00	1.982877e+00	1.485527e+00
1.951580084440260e-03	1.198239e+00	1.689983e+00	1.201392e+00
1.955765352297403e-03	1.097303e+00	1.585576e+00	1.100511e+00
1.959950620154546e-03	9.957840e-01	1.479778e+00	9.990402e-01
1.964135888011688e-03	8.936831e-01	1.372590e+00	8.969810e-01
1.968321155868831e-03	7.910001e-01	1.264012e+00	7.943327e-01
1.972506423725974e-03	6.877351e-01	1.154043e+00	6.910955e-01
1.976691691583117e-03	5.838880e-01	1.042683e+00	5.872693e-01
1.980876959440259e-03	4.794588e-01	9.299338e-01	4.828541e-01
1.985759771940259e-03	3.574186e-01	7.943401e-01	3.607929e-01
1.990642584440259e-03	2.350420e-01	6.518055e-01	2.383106e-01
1.995525396940259e-03	1.124442e-01	4.977003e-01	1.153911e-01
1.997598985598334e-03	6.034179e-02	4.227141e-01	6.284745e-02
1.998928241725874e-03	2.693602e-02	3.647950e-01	2.876562e-02
1.999774141065750e-03	5.676452e-03	3.183967e-01	6.593626e-03
2.000554733862069e-03	-1.394195e-02	2.599446e-01	-1.472955e-02
2.001449635872485e-03	-3.643282e-02	1.645409e-01	-4.057063e-02
2.002217433501638e-03	-5.572838e-02	4.715805e-02	-6.393529e-02
2.003047997763552e-03	-7.659986e-02	-1.215968e-01	-8.981250e-02
2.003594085680449e-03	-9.032155e-02	-2.552971e-01	-1.062241e-01
2.003908997447611e-03	-9.823395e-02	-3.413054e-01	-1.144155e-01
2.004056626511257e-03	-1.019431e-01	-3.834563e-01	-1.170047e-01
2.004160779430352e-03	-1.045599e-01	-4.134103e-01	-1.175184e-01
2.004255302795487e-03	-1.069347e-01	-4.401142e-01	-1.162723e-01
2.004395102411003e-03	-1.104469e-01	-4.780082e-01	-1.109887e-01
2.004546618616248e-03	-1.142534e-01	-5.163097e-01	-1.007917e-01
2.004687996990553e-03	-1.178052e-01	-5.484633e-01	-8.687672e-02
2.004846796880522e-03	-1.217945e-01	-5.798086e-01	-6.722267e-02
2.005039283781179e-03	-1.266299e-01	-6.120728e-01	-4.067388e-02
2.005212039142514e-03	-1.309694e-01	-6.363487e-01	-1.642157e-02
2.005385954608047e-03	-1.353380e-01	-6.568933e-01	6.751150e-03
2.005559142308615e-03	-1.396881e-01	-6.743228e-01	2.722985e-02
2.005813317812487e-03	-1.460721e-01	-6.964983e-01	5.262160e-02
2.006045869192438e-03	-1.519127e-01	-7.144225e-01	7.128028e-02
2.006364652375216e-03	-1.599185e-01	-7.365071e-01	9.093494e-02
2.006723184968719e-03	-1.689218e-01	-7.595850e-01	1.081251e-01
2.007043388875347e-03	-1.769619e-01	-7.791650e-01	1.203930e-01
2.007387346924176e-03	-1.855976e-01	-7.995347e-01	1.315748e-01
2.008176201352169e-03	-2.054000e-01	-8.449889e-01	1.539292e-01
2.009506619252070e-03	-2.387893e-01	-9.193180e-01	1.883849e-01
2.010837037151971e-03	-2.721568e-01	-9.928811e-01	2.226356e-01
2.012167455051873e-03	-3.055024e-01	-1.065678e+00	2.566814e-01
2.013497872951774e-03	-3.388260e-01	-1.137709e+00	2.905223e-01
2.014828290851675e-03	-3.721278e-01	-1.208975e+00	3.241583e-01
2.016158708751577e-03	-4.054077e-01	-1.279474e+00	3.575894e-01
2.017489126651478e-03	-4.386656e-01	-1.349208e+00	3.908155e-01
2.032137564151478e-03	-8.022273e-01	-2.105664e+00	7.560528e-01
2.041903189151477e-03	-1.043148e+00	-2.598707e+00	9.978195e-01
2.051668814151477e-03	-1.278000e+00	-3.078383e+00	1.233635e+00
2.061434439151477e-03	-1.506784e+00	-3.544695e+00	1.463500e+00
2.071200064151477e-03	-1.729499e+00	-3.997641e+00	1.687414e+00
2.080965689151476e-03	-1.946146e+00	-4.437221e+00	1.905377e+00
2.090731314151476e-03	-2.156724e+00	-4.863436e+00	2.117390e+00
2.100496939151476e-03	-2.361234e+00	-5.276285e+00	2.323451e+00
2.116540465937190e-03	-2.680165e+00	-5.920540e+00	2.645323e+00
2.132583992722904e-03	-2.965644e+00	-6.497279e+00	2.933988e+00
2.148627519508618e-03	-3.217670e+00	-7.006501e+00	3.189446e+00
2.164671046294332e-03	-3.436242e+00	-7.448205e+00	3.411697e+00
2.180714573080046e-03	-3.621362e+00	-7.822394e+00	3.600741e+00
2.196758099865760e-03	-3.773029e+00	-8.129065e+00	3.756579e+00
2.212801626651474e-03	-3.891242e+00	-8.368219e+00	3.879209e+00
2.234425510580045e-03	-3.976430e+00	-8.542050e+00	3.970661e+00
2.256049394508615e-03	-3.991459e+00	-8.574594e+00	3.991803e+00
2.277673278437187e-03	-3.936329e+00	-8.465852e+00	3.942637e+00
2.299297162365758e-03	-3.811040e+00	-8.215824e+00	3.823163e+00
2.320921046294329e-03	-3.615592e+00	-7.824510e+00	3.633380e+00
2.342544930222899e-03	-3.349985e+00	-7.291910e+00	3.373289e+00
2.364168814151470e-03	-3.014218e+00	-6.618024e+00	3.042888e+00
2.376027073080042e-03	-2.806780e+00	-6.201461e+00	2.838076e+00
2.387885332008613e-03	-2.587018e+00	-5.759304e+00	2.620761e+00
2.399743590937184e-03	-2.354932e+00	-5.291552e+00	2.390946e+00
2.411601849865755e-03	-2.110524e+00	-4.798206e+00	2.148629e+00
2.423460108794327e-03	-1.853791e+00	-4.279265e+00	1.893811e+00
2.435318367722897e-03	-1.584735e+00	-3.734729e+00	1.626491e+00
2.447176626651469e-03	-1.303356e+00	-3.164599e+00	1.346670e+00
2.452756983794326e-03	-1.169567e+00	-2.893601e+00	1.213475e+00
2.458337340937183e-03	-1.034758e+00	-2.618980e+00	1.079288e+00
2.463917698080040e-03	-8.989293e-01	-2.340736e+00	9.441095e-01
2.469498055222897e-03	-7.620809e-01	-2.058869e+00	8.079387e-01
2.475078412365754e-03	-6.242129e-01	-1.773378e+00	6.707761e-01
2.480658769508611e-03	-4.853252e-01	-1.484264e+00	5.326215e-01
2.486239126651468e-03	-3.454177e-01	-1.191527e+00	3.934749e-01
2.491121939151468e-03	-2.230143e-01	-9.271644e-01	2.725036e-01
2.496004751651468e-03	-1.004010e-01	-6.503032e-01	1.532083e-01
2.498521278831348e-03	-3.716378e-02	-4.962855e-01	9.431785e-02
2.499561089948810e-03	-1.103100e-02	-4.245655e-01	7.267281e-02
2.500368269486818e-03	9.255613e-03	-3.606268e-01	5.922741e-02
2.500877601280237e-03	2.205641e-02	-3.139468e-01	5.366757e-02
2.501247054965733e-03	3.134159e-02	-2.745563e-01	5.238340e-02
2.501554565428295e-03	3.906987e-02	-2.364614e-01	5.391381e-02
2.501887085636551e-03	4.742653e-02	-1.887866e-01	5.837231e-02
2.502212171955295e-03	5.559615e-02	-1.350635e-01	6.517632e-02
2.502552007606786e-03	6.413620e-02	-7.053976e-02	7.426449e-02
2.502949085840325e-03	7.411437e-02	1.498379e-02	8.623107e-02
2.503342661806382e-03	8.400408e-02	1.101189e-01	9.865660e-02
2.503805200341894e-03	9.562600e-02	2.322202e-01	1.133295e-01
2.504034680075814e-03	1.013917e-01	2.960220e-01	1.203279e-01
2.504199308203755e-03	1.055279e-01	3.420931e-01	1.247551e-01
2.504377120853221e-03	1.099952e-01	3.892663e-01	1.284038e-01
2.504530063206449e-03	1.138375e-01	4.261310e-01	1.303877e-01
2.504658150615779e-03	1.170554e-01	4.515470e-01	1.307910e-01
2.504739190284675e-03	1.190912e-01	4.643753e-01	1.305733e-01
2.504829375654012e-03	1.213568e-01	4.763068e-01	1.302145e-01
2.504927083873894e-03	1.238113e-01	4.868877e-01	1.298689e-01
2.504995813739001e-03	1.255379e-01	4.929790e-01	1.297722e-01
2.505068196610618e-03	1.273561e-01	4.982571e-01	1.299169e-01
2.505163896087332e-03	1.297601e-01	5.041522e-01	1.304830e-01
2.505251763843270e-03	1.319673e-01	5.087627e-01	1.313912e-01
2.505367076071693e-03	1.348638e-01	5.139795e-01	1.331107e-01
2.505510725945174e-03	1.384720e-01	5.197784e-01	1.358123e-01
2.505661805196597e-03	1.422667e-01	5.253839e-01	1.391061e-01
2.505836079726736e-03	1.466438e-01	5.315051e-01	1.432316e-01
2.506044748429703e-03	1.518846e-01	5.386016e-01	1.483569e-01
2.506587199728277e-03	1.655071e-01	5.565089e-01	1.618886e-01
2.507992619479147e-03	2.007920e-01	6.009552e-01	1.970473e-01
2.509866512480309e-03	2.478137e-01	6.575724e-01	2.439515e-01
2.513614298482630e-03	3.417475e-01	7.666036e-01	3.377380e-01
2.517018682650414e-03	4.269115e-01	8.623396e-01	4.228104e-01
2.521901495150414e-03	5.487090e-01	9.957803e-01	5.445024e-01
2.531667120150414e-03	7.906405e-01	1.254822e+00	7.863410e-01
2.542130289793271e-03	1.049135e+00	1.524882e+00	1.044791e+00
2.552593459436128e-03	1.300474e+00	1.786419e+00	1.296108e+00
2.563056629078985e-03	1.544657e+00	2.039432e+00	1.540290e+00
2.573519798721842e-03	1.781683e+00	2.283921e+00	1.777339e+00
2.583982968364699e-03	2.011554e+00	2.519886e+00	2.007254e+00
2.594446138007555e-03	2.234268e+00	2.747326e+00	2.230034e+00
2.604909307650412e-03	2.449827e+00	2.966244e+00	2.445681e+00
2.621650379078984e-03	2.774702e+00	3.296601e+00	2.770737e+00
2.638391450507554e-03	3.062184e+00	3.588870e+00	3.058435e+00
2.655132521936126e-03	3.312272e+00	3.843049e+00	3.308774e+00
2.671873593364697e-03	3.524965e+00	4.059140e+00	3.521754e+00
2.688614664793268e-03	3.700265e+00	4.237141e+00	3.697376e+00
2.705355736221839e-03	3.838171e+00	4.377054e+00	3.835639e+00
2.722096807650410e-03	3.938683e+00	4.478877e+00	3.936543e+00
2.743023146936124e-03	3.991147e+00	4.532697e+00	3.989541e+00
2.763949486221837e-03	3.978575e+00	4.520579e+00	3.977503e+00
2.784875825507551e-03	3.900967e+00	4.442524e+00	3.900427e+00
2.805802164793265e-03	3.758322e+00	4.298531e+00	3.758314e+00
2.826728504078979e-03	3.550640e+00	4.088601e+00	3.551164e+00
2.847654843364693e-03	3.277923e+00	3.812734e+00	3.278977e+00
2.868581182650407e-03	2.940168e+00	3.470929e+00	2.941753e+00
2.880439441578978e-03	2.726725e+00	3.254925e+00	2.728587e+00
2.892297700507549e-03	2.501471e+00	3.026104e+00	2.503591e+00
2.904155959436120e-03	2.264405e+00	2.784468e+00	2.266766e+00
2.916014218364692e-03	2.015527e+00	2.530015e+00	2.018113e+00
2.927872477293263e-03	1.754838e+00	2.262747e+00	1.757630e+00
2.939730736221834e-03	1.482338e+00	1.982662e+00	1.485319e+00
2.951588995150405e-03	1.198026e+00	1.689761e+00	1.201178e+00
2.955774263007548e-03	1.097087e+00	1.585352e+00	1.100295e+00
2.959959530864691e-03	9.955671e-01	1.479552e+00	9.988235e-01
2.964144798721833e-03	8.934648e-01	1.372361e+00	8.967628e-01
2.968330066578976e-03	7.907806e-01	1.263780e+00	7.941133e-01
2.972515334436119e-03	6.875145e-01	1.153807e+00	6.908750e-01
2.976700602293262e-03	5.836665e-01	1.042444e+00	5.870478e-01
2.980885870150404e-03	4.792365e-01	9.296902e-01	4.826317e-01
2.985768682650404e-03	3.571956e-01	7.940879e-01	3.605697e-01
2.990651495150404e-03	2.348185e-01	6.515341e-01	2.380867e-01
2.995534307650404e-03	1.122204e-01	4.973965e-01	1.151661e-01
2.997602675999169e-03	6.024905e-02	4.225688e-01	6.275348e-02
2.998931102395256e-03	2.686412e-02	3.646546e-01	2.869151e-02
2.999776105337381e-03	5.627085e-03	3.182751e-01	6.541409e-03
3.000556615918045e-03	-1.398926e-02	2.597878e-01	-1.478184e-02
3.001450915419818e-03	-3.646498e-02	1.643942e-01	-4.060820e-02
3.002217897747374e-03	-5.574005e-02	4.708885e-02	-6.394948e-02
3.003048531299337e-03	-7.661326e-02	-1.217024e-01	-8.982988e-02
3.003593335305485e-03	-9.030269e-02	-2.550889e-01	-1.062037e-01
3.003908682757679e-03	-9.822604e-02	-3.412142e-01	-1.144092e-01
3.004056314183550e-03	-1.019353e-01	-3.833642e-01	-1.170022e-01
3.004160423774214e-03	-1.045509e-01	-4.133067e-01	-1.175205e-01
3.004254865991603e-03	-1.069237e-01	-4.399894e-01	-1.162805e-01
3.004394966085295e-03	-1.104435e-01	-4.779688e-01	-1.109937e-01
3.004546462665176e-03	-1.142495e-01	-5.162697e-01	-1.008050e-01
3.004687952484154e-03	-1.178041e-01	-5.484520e-01	-8.688261e-02
3.004846646447857e-03	-1.217907e-01	-5.797804e-01	-6.724436e-02
3.005039139899810e-03	-1.266262e-01	-6.120496e-01	-4.069554e-02
3.005211936133054e-03	-1.309668e-01	-6.363347e-01	-1.643711e-02
3.005385832553343e-03	-1.353349e-01	-6.568796e-01	6.734625e-03
3.005559000823556e-03	-1.396845e-01	-6.743094e-01	2.721366e-02
3.005813030979279e-03	-1.460649e-01	-6.964749e-01	5.259552e-02
3.006045624530438e-03	-1.519066e-01	-7.144044e-01	7.126212e-02
3.006364271861083e-03	-1.599090e-01	-7.364817e-01	9.091411e-02
3.006722827614602e-03	-1.689128e-01	-7.595626e-01	1.081096e-01
3.007043132638381e-03	-1.769555e-01	-7.791496e-01	1.203838e-01
3.007387077419020e-03	-1.855908e-01	-7.995189e-01	1.315665e-01
3.008175836834712e-03	-2.053908e-01	-8.449682e-01	1.539194e-01
3.009505683241371e-03	-2.387659e-01	-9.192662e-01	1.883607e-01
3.010835529648031e-03	-2.721190e-01	-9.927986e-01	2.225971e-01
3.012165376054690e-03	-3.054503e-01	-1.065566e+00	2.566287e-01
3.013495222461349e-03	-3.387597e-01	-1.137567e+00	2.904553e-01
3.014825068868009e-03	-3.720472e-01	-1.208803e+00	3.240770e-01
3.016154915274668e-03	-4.053128e-01	-1.279273e+00	3.574939e-01
3.017484761681327e-03	-4.385566e-01	-1.348978e+00	3.907058e-01
3.032133199181327e-03	-8.021199e-01	-2.105443e+00	7.559450e-01
3.041898824181327e-03	-1.043042e+00	-2.598490e+00	9.977132e-01
3.051664449181327e-03	-1.277896e+00	-3.078172e+00	1.233531e+00
3.061430074181326e-03	-1.506682e+00	-3.544488e+00	1.463398e+00
3.071195699181326e-03	-1.729400e+00	-3.997440e+00	1.687315e+00
3.080961324181326e-03	-1.946050e+00	-4.437027e+00	1.905281e+00
3.090726949181326e-03	-2.156631e+00	-4.863249e+00	2.117297e+00
3.100492574181326e-03	-2.361145e+00	-5.276106e+00	2.323362e+00
3.116536100967039e-03	-2.680084e+00	-5.920376e+00	2.645241e+00
3.132579627752753e-03	-2.965570e+00	-6.497130e+00	2.933913e+00
3.148623154538467e-03	-3.217604e+00	-7.006369e+00	3.189380e+00
3.164666681324182e-03	-3.436186e+00	-7.448092e+00	3.411640e+00
3.180710208109895e-03	-3.621315e+00	-7.822300e+00	3.600694e+00
3.196753734895609e-03	-3.772992e+00	-8.128992e+00	3.756541e+00
3.212797261681323e-03	-3.891217e+00	-8.368168e+00	3.879183e+00
3.234421145609894e-03	-3.976420e+00	-8.542029e+00	3.970649e+00
3.256045029538465e-03	-3.991464e+00	-8.574604e+00	3.991807e+00
3.277668913467036e-03	-3.936349e+00	-8.465891e+00	3.942655e+00
3.299292797395607e-03	-3.811073e+00	-8.215891e+00	3.823195e+00
3.320916681324178e-03	-3.615638e+00	-7.824604e+00	3.633426e+00
3.342540565252749e-03	-3.350044e+00	-7.292030e+00	3.373347e+00
3.364164449181320e-03	-3.014290e+00	-6.618169e+00	3.042960e+00
3.376022708109891e-03	-2.806858e+00	-6.201618e+00	2.838153e+00
3.387880967038462e-03	-2.587101e+00	-5.759472e+00	2.620844e+00
3.399739225967033e-03	-2.355021e+00	-5.291731e+00	2.391034e+00
3.411597484895605e-03	-2.110617e+00	-4.798394e+00	2.148722e+00
3.423455743824176e-03	-1.853888e+00	-4.279461e+00	1.893907e+00
3.435314002752747e-03	-1.584836e+00	-3.734933e+00	1.626591e+00
3.447172261681318e-03	-1.303460e+00	-3.164810e+00	1.346773e+00
3.452752618824175e-03	-1.169672e+00	-2.893814e+00	1.213580e+00
3.458332975967032e-03	-1.034864e+00	-2.619196e+00	1.079394e+00
3.463913333109889e-03	-8.990361e-01	-2.340955e+00	9.442159e-01
3.469493690252746e-03	-7.621886e-01	-2.059090e+00	8.080459e-01
3.475074047395603e-03	-6.243212e-01	-1.773603e+00	6.708838e-01
3.480654404538460e-03	-4.854340e-01	-1.484493e+00	5.327297e-01
3.486234761681317e-03	-3.455270e-01	-1.191760e+00	3.935834e-01
3.491117574181317e-03	-2.231238e-01	-9.274058e-01	2.726113e-01
3.496000386681317e-03	-1.005107e-01	-6.505563e-01	1.533139e-01
3.498521131870930e-03	-3.716747e-02	-4.962900e-01	9.432160e-02
3.499561380231813e-03	-1.102370e-02	-4.245405e-01	7.266776e-02
3.500369030873943e-03	9.274749e-03	-3.605564e-01	5.921877e-02
3.500878684663353e-03	2.208364e-02	-3.138365e-01	5.366045e-02
3.501247788589106e-03	3.136003e-02	-2.744764e-01	5.238099e-02
3.501554222814557e-03	3.906126e-02	-2.365150e-01	5.390664e-02
3.501886024533790e-03	4.739986e-02	-1.889524e-01	5.835275e-02
3.502211323843438e-03	5.557484e-02	-1.352109e-01	6.515645e-02
3.502551331342904e-03	6.411920e-02	-7.067678e-02	7.424506e-02
3.502947968507979e-03	7.408629e-02	1.471743e-02	8.619583e-02
3.503340201012535e-03	8.394224e-02	1.094892e-01	9.857830e-02
3.503803080815015e-03	9.557275e-02	2.316397e-01	1.132634e-01
3.504033633833819e-03	1.013654e-01	2.957283e-01	1.202972e-01
3.504198487486363e-03	1.055073e-01	3.418709e-01	1.247359e-01
3.504375723926432e-03	1.099601e-01	3.888992e-01	1.283771e-01
3.504530778103378e-03	1.138555e-01	4.262719e-01	1.303898e-01
3.504659020517691e-03	1.170772e-01	4.516972e-01	1.307910e-01
3.504740098044765e-03	1.191140e-01	4.645070e-01	1.305710e-01
3.504830417601423e-03	1.213830e-01	4.764415e-01	1.302103e-01
3.504926167454314e-03	1.237883e-01	4.868111e-01	1.298699e-01
3.504994164796717e-03	1.254964e-01	4.928471e-01	1.297715e-01
3.505066406632360e-03	1.273112e-01	4.981327e-01	1.299109e-01
3.505162111277042e-03	1.297153e-01	5.040492e-01	1.304688e-01
3.505249877090922e-03	1.319199e-01	5.086694e-01	1.313680e-01
3.505364433929797e-03	1.347974e-01	5.138666e-01	1.330660e-01
3.505507158509165e-03	1.383824e-01	5.196408e-01	1.357396e-01
3.505658357618851e-03	1.421801e-01	5.252595e-01	1.390277e-01
3.505831775539737e-03	1.465357e-01	5.313566e-01	1.431274e-01
3.506039637864554e-03	1.517562e-01	5.384298e-01	1.482302e-01
3.506579017294394e-03	1.653017e-01	5.562427e-01	1.616840e-01
3.507966436305895e-03	2.001348e-01	6.001453e-01	1.963920e-01
3.509816328321230e-03	2.465549e-01	6.560833e-01	2.426955e-01
3.513516112351899e-03	3.392888e-01	7.638081e-01	3.352824e-01
3.516917894456321e-03	4.243928e-01	8.595386e-01	4.202936e-01
3.521800706956321e-03	5.461997e-01	9.930539e-01	5.419945e-01
3.531566331956320e-03	7.881573e-01	1.252192e+00	7.838584e-01
3.542029501599177e-03	1.046691e+00	1.522322e+00	1.042347e+00
3.552492671242034e-03	1.298078e+00	1.783932e+00	1.293712e+00
3.562955840884891e-03	1.542320e+00	2.037024e+00	1.537953e+00
3.573419010527748e-03	1.779415e+00	2.281597e+00	1.775070e+00
3.583882180170605e-03	2.009364e+00	2.517651e+00	2.005063e+00
3.594345349813462e-03	2.232167e+00	2.745186e+00	2.227932e+00
3.604808519456319e-03	2.447824e+00	2.964202e+00	2.443678e+00
3.620852046242033e-03	2.759536e+00	3.281208e+00	2.755561e+00
3.636895573027747e-03	3.037205e+00	3.563521e+00	3.033434e+00
3.652939099813460e-03	3.280832e+00	3.811142e+00	3.277298e+00
3.668982626599175e-03	3.490415e+00	4.024071e+00	3.487151e+00
3.685026153384889e-03	3.665956e+00	4.202308e+00	3.662995e+00
3.701069680170603e-03	3.807454e+00	4.345853e+00	3.804829e+00
3.717113206956316e-03	3.914908e+00	4.454706e+00	3.912652e+00
3.721996019456316e-03	3.938240e+00	4.478427e+00	3.936098e+00
3.742922358742030e-03	3.991049e+00	4.532594e+00	3.989441e+00
3.763848698027744e-03	3.978810e+00	4.520813e+00	3.977735e+00
3.784775037313458e-03	3.901522e+00	4.443082e+00	3.900979e+00
3.805701376599172e-03	3.759186e+00	4.299403e+00	3.759175e+00
3.826627715884886e-03	3.551801e+00	4.089774e+00	3.552322e+00
3.847554055170599e-03	3.279367e+00	3.814197e+00	3.280419e+00
3.868480394456313e-03	2.941885e+00	3.472670e+00	2.943468e+00
3.880338653384884e-03	2.728578e+00	3.256803e+00	2.730437e+00
3.892196912313456e-03	2.503447e+00	3.028111e+00	2.505565e+00
3.904055171242027e-03	2.266492e+00	2.786594e+00	2.268852e+00
3.915913430170598e-03	2.017715e+00	2.532251e+00	2.020299e+00
3.927771689099169e-03	1.757114e+00	2.265082e+00	1.759904e+00
3.939629948027741e-03	1.484690e+00	1.985088e+00	1.487669e+00
3.951488206956312e-03	1.200442e+00	1.692268e+00	1.203593e+00
3.955673474813455e-03	1.099523e+00	1.587882e+00	1.102730e+00
3.959858742670597e-03	9.980202e-01	1.482110e+00	1.001275e+00
3.964044010527740e-03	8.959337e-01	1.374951e+00	8.992307e-01
3.968229278384883e-03	7.932636e-01	1.266405e+00	7.965954e-01
3.972414546242026e-03	6.900098e-01	1.156472e+00	6.933696e-01
3.976599814099168e-03	5.861723e-01	1.045151e+00	5.895533e-01
3.980785081956311e-03	4.817512e-01	9.324442e-01	4.851465e-01
3.985667894456311e-03	3.597185e-01	7.969393e-01	3.630936e-01
3.990550706956311e-03	2.373471e-01	6.546060e-01	2.406196e-01
3.995433519456311e-03	1.147524e-01	5.008448e-01	1.177107e-01
3.997559950822307e-03	6.132272e-02	4.242365e-01	6.383973e-02
3.998905488685645e-03	2.750785e-02	3.658964e-01	2.935449e-02
3.999757458472421e-03	6.095731e-03	3.194260e-01	7.037533e-03
4.000539377352159e-03	-1.355601e-02	2.612157e-01	-1.430316e-02
4.001438997687963e-03	-3.616546e-02	1.657798e-01	-4.025770e-02
4.002212173139701e-03	-5.559618e-02	4.799323e-02	-6.377355e-02
4.003042930462709e-03	-7.647253e-02	-1.206097e-01	-8.964644e-02
4.003602178046980e-03	-9.052488e-02	-2.575320e-01	-1.064434e-01
4.003912754279264e-03	-9.832834e-02	-3.423823e-01	-1.144888e-01
4.004060325085033e-03	-1.020360e-01	-3.845337e-01	-1.170338e-01
4.004164978098280e-03	-1.046654e-01	-4.146205e-01	-1.174935e-01
4.004260428147020e-03	-1.070634e-01	-4.415675e-01	-1.161786e-01
4.004396111769380e-03	-1.104723e-01	-4.783042e-01	-1.109653e-01
4.004548180974800e-03	-1.142927e-01	-5.167062e-01	-1.006627e-01
4.004687964904015e-03	-1.178044e-01	-5.484694e-01	-8.687667e-02
4.004848238338865e-03	-1.218307e-01	-5.800745e-01	-6.701745e-02
4.005040141549575e-03	-1.266514e-01	-6.122178e-01	-4.054395e-02
4.005212310260593e-03	-1.309762e-01	-6.363901e-01	-1.637412e-02
4.005386350870308e-03	-1.353479e-01	-6.569380e-01	6.808879e-03
4.005559666532693e-03	-1.397012e-01	-6.743726e-01	2.729213e-02
4.005814499043208e-03	-1.461018e-01	-6.965951e-01	5.273087e-02
4.006046760274389e-03	-1.519351e-01	-7.144890e-01	7.134776e-02
4.006366239761451e-03	-1.599584e-01	-7.366127e-01	9.102163e-02
4.006724732618364e-03	-1.689607e-01	-7.596821e-01	1.081922e-01
4.007044612072591e-03	-1.769926e-01	-7.792388e-01	1.204369e-01
4.007388625752278e-03	-1.856297e-01	-7.996097e-01	1.316144e-01
4.008177874478412e-03	-2.054420e-01	-8.450841e-01	1.539743e-01
4.009510953335826e-03	-2.388981e-01	-9.195575e-01	1.884966e-01
4.010844032193240e-03	-2.723322e-01	-9.932633e-01	2.228140e-01
4.012177111050653e-03	-3.057443e-01	-1.066201e+00	2.569263e-01
4.013510189908067e-03	-3.391344e-01	-1.138372e+00	2.908337e-01
4.014843268765481e-03	-3.725025e-01	-1.209775e+00	3.245361e-01
4.016176347622895e-03	-4.058486e-01	-1.280410e+00	3.580334e-01
4.017509426480308e-03	-4.391727e-01	-1.350278e+00	3.913258e-01
4.032157863980308e-03	-8.027272e-01	-2.106694e+00	7.565545e-01
4.041923488980308e-03	-1.043640e+00	-2.599715e+00	9.983140e-01
4.051689113980308e-03	-1.278483e+00	-3.079369e+00	1.234121e+00
4.061454738980307e-03	-1.507256e+00	-3.545655e+00	1.463975e+00
4.071220363980307e-03	-1.729959e+00	-3.998573e+00	1.687877e+00
4.080985988980307e-03	-1.946591e+00	-4.438123e+00	1.905826e+00
4.090751613980307e-03	-2.157153e+00	-4.864304e+00	2.117822e+00
4.100517238980307e-03	-2.361645e+00	-5.277118e+00	2.323866e+00
4.116560765766021e-03	-2.680544e+00	-5.921305e+00	2.645705e+00
4.132604292551734e-03	-2.965986e+00	-6.497970e+00	2.934334e+00
4.148647819337449e-03	-3.217973e+00	-7.007113e+00	3.189753e+00
4.164691346123162e-03	-3.436503e+00	-7.448733e+00	3.411963e+00
4.180734872908876e-03	-3.621578e+00	-7.822830e+00	3.600963e+00
4.196778399694590e-03	-3.773197e+00	-8.129406e+00	3.756753e+00
4.212821926480304e-03	-3.891361e+00	-8.368459e+00	3.879333e+00
4.234445810408875e-03	-3.976477e+00	-8.542146e+00	3.970713e+00
4.256069694337446e-03	-3.991437e+00	-8.574551e+00	3.991787e+00
4.277693578266017e-03	-3.936240e+00	-8.465674e+00	3.942554e+00
4.299317462194588e-03	-3.810886e+00	-8.215516e+00	3.823014e+00
4.320941346123159e-03	-3.615375e+00	-7.824076e+00	3.633168e+00
4.342565230051730e-03	-3.349707e+00	-7.291354e+00	3.373016e+00
4.364189113980301e-03	-3.013883e+00	-6.617350e+00	3.042557e+00
4.376047372908872e-03	-2.806416e+00	-6.200731e+00	2.837717e+00
4.387905631837444e-03	-2.586629e+00	-5.758521e+00	2.620377e+00
4.399763890766015e-03	-2.354520e+00	-5.290721e+00	2.390537e+00
4.411622149694585e-03	-2.110090e+00	-4.797331e+00	2.148199e+00
4.423480408623157e-03	-1.853339e+00	-4.278351e+00	1.893362e+00
4.435338667551728e-03	-1.584267e+00	-3.733780e+00	1.626026e+00
4.447196926480299e-03	-1.302874e+00	-3.163619e+00	1.346190e+00
4.452777283623156e-03	-1.169079e+00	-2.892610e+00	1.212989e+00
4.458357640766014e-03	-1.034265e+00	-2.617977e+00	1.078797e+00
4.463937997908870e-03	-8.984321e-01	-2.339720e+00	9.436143e-01
4.469518355051727e-03	-7.615800e-01	-2.057838e+00	8.074401e-01
4.475098712194584e-03	-6.237089e-01	-1.772332e+00	6.702748e-01
4.480679069337442e-03	-4.848187e-01	-1.483202e+00	5.321183e-01
4.486259426480298e-03	-3.449094e-01	-1.190447e+00	3.929707e-01
4.491142238980298e-03	-2.225049e-01	-9.260412e-01	2.720030e-01
4.496025051480298e-03	-9.989097e-02	-6.491256e-01	1.527172e-01
4.498522012736744e-03	-3.714534e-02	-4.962610e-01	9.429931e-02
4.499559781907511e-03	-1.106387e-02	-4.246783e-01	7.269560e-02
4.500364795185204e-03	9.168295e-03	-3.609481e-01	5.926691e-02
4.500872636048726e-03	2.193163e-02	-3.144514e-01	5.370056e-02
4.501243745458231e-03	3.125842e-02	-2.749149e-01	5.239517e-02
4.501556341050606e-03	3.911449e-02	-2.361865e-01	5.394916e-02
4.501892224031127e-03	4.755566e-02	-1.879824e-01	5.846725e-02
4.502216377618014e-03	5.570184e-02	-1.343304e-01	6.527529e-02
4.502555448282732e-03	6.422266e-02	-6.984112e-02	7.436348e-02
4.502954760109363e-03	7.425696e-02	1.633614e-02	8.640994e-02
4.503354839541533e-03	8.431007e-02	1.132397e-01	9.904401e-02
4.503815813497163e-03	9.589267e-02	2.351343e-01	1.136591e-01
4.504041158572580e-03	1.015545e-01	2.978410e-01	1.205156e-01
4.504204723250364e-03	1.056639e-01	3.435572e-01	1.248806e-01
4.504385827368461e-03	1.102139e-01	3.915362e-01	1.285660e-01
4.504526757534118e-03	1.137545e-01	4.254858e-01	1.303810e-01
4.504653949197687e-03	1.169498e-01	4.508148e-01	1.307905e-01
4.504734701236194e-03	1.189785e-01	4.637172e-01	1.305848e-01
4.504824457768518e-03	1.212333e-01	4.756571e-01	1.302351e-01
4.504932420277435e-03	1.239454e-01	4.873226e-01	1.298652e-01
4.505006293274013e-03	1.258011e-01	4.937916e-01	1.297805e-01
4.505080761785045e-03	1.276718e-01	4.990988e-01	1.299648e-01
4.505177470423631e-03	1.301011e-01	5.049127e-01	1.305945e-01
4.505264537109157e-03	1.322881e-01	5.093837e-01	1.315488e-01
4.505383197298593e-03	1.352687e-01	5.146573e-01	1.333889e-01
4.505534081114492e-03	1.390586e-01	5.206683e-01	1.362984e-01
4.505684971685018e-03	1.428485e-01	5.262149e-01	1.396384e-01
4.505865988759447e-03	1.473950e-01	5.325339e-01	1.439583e-01
4.506079160521783e-03	1.527488e-01	5.397570e-01	1.492106e-01
4.506644588671301e-03	1.669482e-01	5.583729e-01	1.633233e-01
4.508193480689808e-03	2.058337e-01	6.071470e-01	2.020745e-01
4.510258670047818e-03	2.576500e-01	6.692910e-01	2.537692e-01
4.513698463865018e-03	3.438550e-01	7.690321e-01	3.398422e-01
4.517434538332153e-03	4.373019e-01	8.737992e-01	4.331875e-01
4.522317350832153e-03	5.590599e-01	1.007016e+00	5.548480e-01
4.532082975832153e-03	8.008832e-01	1.265662e+00	7.965809e-01
4.542546145475009e-03	1.059216e+00	1.535439e+00	1.054871e+00
4.553009315117867e-03	1.310353e+00	1.796671e+00	1.305986e+00
4.563472484760724e-03	1.554292e+00	2.049357e+00	1.549926e+00
4.573935654403580e-03	1.791034e+00	2.293499e+00	1.786692e+00
4.584398824046437e-03	2.020580e+00	2.529096e+00	2.016282e+00
4.594861993689294e-03	2.242929e+00	2.756148e+00	2.238698e+00
4.605325163332151e-03	2.458081e+00	2.974655e+00	2.453939e+00
4.622066234760722e-03	2.782212e+00	3.304243e+00	2.778252e+00
4.638807306189294e-03	3.068891e+00	3.595686e+00	3.065148e+00
4.655548377617865e-03	3.318117e+00	3.848983e+00	3.314626e+00
4.672289449046435e-03	3.529890e+00	4.064135e+00	3.526686e+00
4.689030520475006e-03	3.704210e+00	4.241141e+00	3.701329e+00
4.705771591903577e-03	3.841078e+00	4.380002e+00	3.838555e+00
4.722512663332149e-03	3.940492e+00	4.480718e+00	3.938363e+00
4.743439002617863e-03	3.991534e+00	4.533102e+00	3.989939e+00
4.764365341903576e-03	3.977590e+00	4.519596e+00	3.976529e+00
4.785291681189290e-03	3.898660e+00	4.440202e+00	3.898131e+00
4.806218020475004e-03	3.754742e+00	4.294918e+00	3.754746e+00
4.827144359760718e-03	3.545839e+00	4.083746e+00	3.546373e+00
4.848070699046431e-03	3.271949e+00	3.806684e+00	3.273014e+00
4.868997038332146e-03	2.933072e+00	3.463733e+00	2.934667e+00
4.880855297260717e-03	2.719072e+00	3.247161e+00	2.720942e+00
4.892713556189288e-03	2.493308e+00	3.017812e+00	2.495437e+00
4.904571815117859e-03	2.255782e+00	2.775686e+00	2.258152e+00
4.916430074046430e-03	2.006493e+00	2.520783e+00	2.009086e+00
4.928288332975001e-03	1.745442e+00	2.253103e+00	1.748241e+00
4.940146591903572e-03	1.472627e+00	1.972647e+00	1.475614e+00
4.952004850832144e-03	1.188050e+00	1.679413e+00	1.191208e+00
4.956190118689287e-03	1.087033e+00	1.574905e+00	1.090246e+00
4.960375386546429e-03	9.854410e-01	1.468991e+00	9.887021e-01
4.964560654403572e-03	8.832742e-01	1.361669e+00	8.865764e-01
4.968745922260715e-03	7.805326e-01	1.252940e+00	7.838687e-01
4.972931190117858e-03	6.772161e-01	1.142804e+00	6.805790e-01
4.977116457975000e-03	5.733248e-01	1.031261e+00	5.767073e-01
4.981301725832143e-03	4.688586e-01	9.183109e-01	4.722536e-01
4.986184538332143e-03	3.467845e-01	7.822943e-01	3.501543e-01
4.991067350832143e-03	2.243841e-01	6.388031e-01	2.276341e-01
4.995950163332143e-03	1.017725e-01	4.820839e-01	1.046343e-01
4.998106041390639e-03	4.759925e-02	3.995345e-01	4.982461e-02
4.999662111415031e-03	8.492060e-03	3.261351e-01	9.689895e-03
5.000000000000000e-03	4.898587e-15	3.071838e-01	8.270009e-04
