time	V(vin)	V(vo1)	V(vo2)
0.000000000000000e+00	0.000000e+00	-1.471202e-01	1.786869e-04
5.516230808537256e-08	1.732976e-04	-1.471150e-01	1.907305e-04
1.103246161707451e-07	3.465950e-04	-1.470715e-01	2.325299e-04
1.654869242561177e-07	5.198924e-04	-1.469897e-01	3.040853e-04
2.206492323414902e-07	6.931898e-04	-1.468694e-01	4.053965e-04
2.758115404268628e-07	8.664870e-04	-1.467108e-01	5.364635e-04
3.309738485122353e-07	1.039784e-03	-1.465139e-01	6.972865e-04
3.861361565976078e-07	1.213081e-03	-1.462786e-01	8.878653e-04
5.224129247456596e-07	1.641206e-03	-1.455502e-01	1.387956e-03
8.675640112222170e-07	2.725519e-03	-1.428168e-01	2.748770e-03
1.090398455220311e-06	3.425561e-03	-1.403906e-01	3.615499e-03
1.447499028456712e-06	4.547390e-03	-1.352129e-01	4.982742e-03
2.161700174929513e-06	6.790973e-03	-1.212697e-01	7.696048e-03
2.945138668289511e-06	9.251898e-03	-9.950148e-02	1.067272e-02
4.512015655009507e-06	1.417302e-02	-3.287740e-02	1.668440e-02
7.645769628449499e-06	2.401066e-02	1.467452e-01	2.876267e-02
8.576999136904815e-06	2.693240e-02	2.113049e-01	3.212555e-02
9.239113987216576e-06	2.900923e-02	2.599659e-01	3.400747e-02
9.877735113294541e-06	3.101190e-02	3.015444e-01	3.509967e-02
1.039344391844549e-05	3.262876e-02	3.282140e-01	3.547715e-02
1.070579266804982e-05	3.360788e-02	3.399144e-01	3.559929e-02
1.105378837258651e-05	3.469859e-02	3.490477e-01	3.585640e-02
1.142402720743877e-05	3.585883e-02	3.559899e-01	3.637581e-02
1.184870978415097e-05	3.718944e-02	3.617685e-01	3.723568e-02
1.217998354645329e-05	3.822721e-02	3.652419e-01	3.806091e-02
1.257388369991102e-05	3.946094e-02	3.686699e-01	3.915933e-02
1.293790499213966e-05	4.060088e-02	3.714966e-01	4.023179e-02
1.349614417476989e-05	4.234859e-02	3.755033e-01	4.192688e-02
1.502178013259374e-05	4.712228e-02	3.855887e-01	4.664604e-02
1.794376610857976e-05	5.625265e-02	4.031287e-01	5.572477e-02
2.576155820317598e-05	8.057938e-02	4.442133e-01	7.996579e-02
3.552718320317597e-05	1.106873e-01	4.892927e-01	1.100259e-01
5.017562070317596e-05	1.550331e-01	5.492684e-01	1.543372e-01
6.203387963174740e-05	1.904288e-01	5.932918e-01	1.897223e-01
7.389213856031883e-05	2.243223e-01	6.348456e-01	2.236099e-01
8.575039748889028e-05	2.567136e-01	6.739299e-01	2.559999e-01
9.760865641746172e-05	2.876027e-01	7.105445e-01	2.868924e-01
1.094669153460332e-04	3.169897e-01	7.446896e-01	3.162873e-01
1.213251742746046e-04	3.448745e-01	7.763650e-01	3.441846e-01
1.331834332031760e-04	3.712571e-01	8.055708e-01	3.705843e-01
1.555048617746046e-04	4.154534e-01	8.545771e-01	4.148209e-01
1.778262903460332e-04	4.503210e-01	8.932542e-01	4.497344e-01
2.001477189174618e-04	4.758602e-01	9.216022e-01	4.753248e-01
2.224691474888904e-04	4.920708e-01	9.396211e-01	4.915921e-01
2.447905760603190e-04	4.989528e-01	9.473108e-01	4.985362e-01
2.671120046317476e-04	4.965062e-01	9.446715e-01	4.961573e-01
2.894334332031761e-04	4.847312e-01	9.317030e-01	4.844552e-01
3.054769599888905e-04	4.692615e-01	9.151151e-01	4.690373e-01
3.215204867746048e-04	4.496497e-01	8.936657e-01	4.494751e-01
3.375640135603190e-04	4.258956e-01	8.673549e-01	4.257685e-01
3.536075403460334e-04	3.979994e-01	8.361826e-01	3.979176e-01
3.696510671317477e-04	3.659610e-01	8.001488e-01	3.659223e-01
3.856945939174620e-04	3.297804e-01	7.592536e-01	3.297826e-01
4.017381207031762e-04	2.894576e-01	7.134969e-01	2.894985e-01
4.115037457031763e-04	2.636511e-01	6.843745e-01	2.637158e-01
4.212693707031763e-04	2.371103e-01	6.532001e-01	2.371932e-01
4.310349957031763e-04	2.098350e-01	6.199737e-01	2.099309e-01
4.408006207031763e-04	1.818253e-01	5.846952e-01	1.819288e-01
4.505662457031763e-04	1.530812e-01	5.473646e-01	1.531870e-01
4.603318707031763e-04	1.236027e-01	5.079821e-01	1.237053e-01
4.700974957031763e-04	9.338977e-02	4.665475e-01	9.348394e-02
4.798631207031763e-04	6.309322e-02	4.186104e-01	6.314263e-02
4.847459332031763e-04	4.784873e-02	3.909350e-01	4.784838e-02
4.896287457031763e-04	3.255920e-02	3.583414e-01	3.245980e-02
4.945115582031763e-04	1.723903e-02	3.178450e-01	1.693428e-02
4.973528668240035e-04	8.315830e-03	2.859488e-01	7.741595e-03
4.998591182216914e-04	4.425931e-04	2.457357e-01	-6.117405e-04
5.018963462134454e-04	-5.957406e-03	1.967019e-01	-7.725284e-03
5.040764921544794e-04	-1.280528e-02	1.183820e-01	-1.574807e-02
5.059344565545369e-04	-1.863933e-02	2.227502e-02	-2.281973e-02
5.079494062272334e-04	-2.496341e-02	-1.134536e-01	-3.043825e-02
5.088553286067206e-04	-2.780548e-02	-1.857950e-01	-3.346779e-02
5.094803751792325e-04	-2.976587e-02	-2.407977e-01	-3.485234e-02
5.098545446798070e-04	-3.093919e-02	-2.746579e-01	-3.478669e-02
5.102420179559273e-04	-3.215405e-02	-3.092147e-01	-3.312429e-02
5.106440830809957e-04	-3.341445e-02	-3.431849e-01	-2.921914e-02
5.109456315625678e-04	-3.435962e-02	-3.663952e-01	-2.445282e-02
5.112097445288223e-04	-3.518734e-02	-3.841625e-01	-1.882169e-02
5.115328282256927e-04	-3.619975e-02	-4.027010e-01	-1.081988e-02
5.118107271830765e-04	-3.707045e-02	-4.160397e-01	-3.610295e-03
5.120768589512711e-04	-3.790417e-02	-4.265647e-01	3.099549e-03
5.123411399917961e-04	-3.873199e-02	-4.351030e-01	9.123943e-03
5.127205860357971e-04	-3.992036e-02	-4.450279e-01	1.652268e-02
5.130884246747245e-04	-4.107217e-02	-4.527136e-01	2.225924e-02
5.136041399606557e-04	-4.268664e-02	-4.613127e-01	2.832565e-02
5.140727223385376e-04	-4.415317e-02	-4.677793e-01	3.238846e-02
5.146238235149291e-04	-4.587748e-02	-4.743063e-01	3.589810e-02
5.151706997605114e-04	-4.758802e-02	-4.801581e-01	3.860696e-02
5.158582041658703e-04	-4.973762e-02	-4.870177e-01	4.141526e-02
5.175923325801977e-04	-5.515547e-02	-5.032359e-01	4.746833e-02
5.234744749837638e-04	-7.348014e-02	-5.537238e-01	6.642235e-02
5.381229124837638e-04	-1.186246e-01	-6.668681e-01	1.122678e-01
5.485860821266209e-04	-1.505981e-01	-7.409260e-01	1.444977e-01
5.590492517694781e-04	-1.815985e-01	-8.118930e-01	1.757515e-01
5.695124214123352e-04	-2.116258e-01	-8.797689e-01	2.060294e-01
5.799755910551925e-04	-2.406801e-01	-9.445539e-01	2.353312e-01
5.904387606980496e-04	-2.687614e-01	-1.006248e+00	2.636569e-01
6.009019303409068e-04	-2.958695e-01	-1.064851e+00	2.910067e-01
6.113650999837639e-04	-3.220046e-01	-1.120363e+00	3.173804e-01
6.288037160551925e-04	-3.627342e-01	-1.207060e+00	3.585843e-01
6.462423321266211e-04	-3.982344e-01	-1.282570e+00	3.945885e-01
6.636809481980496e-04	-4.285052e-01	-1.346892e+00	4.253930e-01
6.811195642694783e-04	-4.535466e-01	-1.400026e+00	4.509979e-01
6.985581803409069e-04	-4.733586e-01	-1.441972e+00	4.714030e-01
7.159967964123355e-04	-4.879412e-01	-1.472730e+00	4.866086e-01
7.334354124837640e-04	-4.972944e-01	-1.492300e+00	4.966144e-01
7.529666624837640e-04	-4.993045e-01	-1.497000e+00	4.993737e-01
7.724979124837640e-04	-4.943045e-01	-1.486879e+00	4.951018e-01
7.920291624837640e-04	-4.822943e-01	-1.461936e+00	4.837989e-01
8.115604124837641e-04	-4.632741e-01	-1.422171e+00	4.654649e-01
8.310916624837641e-04	-4.372437e-01	-1.367584e+00	4.400997e-01
8.506229124837641e-04	-4.042032e-01	-1.298176e+00	4.077035e-01
8.701541624837641e-04	-3.641526e-01	-1.213947e+00	3.682761e-01
8.813148767694784e-04	-3.388968e-01	-1.160786e+00	3.433377e-01
8.924755910551927e-04	-3.123210e-01	-1.104149e+00	3.170692e-01
9.036363053409071e-04	-2.844251e-01	-1.044036e+00	2.894704e-01
9.147970196266214e-04	-2.552092e-01	-9.804475e-01	2.605415e-01
9.259577339123356e-04	-2.246732e-01	-9.133824e-01	2.302824e-01
9.371184481980499e-04	-1.928171e-01	-8.428412e-01	1.986931e-01
9.482791624837642e-04	-1.596409e-01	-7.688238e-01	1.657736e-01
9.531619749837642e-04	-1.449961e-01	-7.359023e-01	1.512181e-01
9.580447874837641e-04	-1.302497e-01	-7.017783e-01	1.365988e-01
9.629275999837641e-04	-1.154019e-01	-6.664517e-01	1.219157e-01
9.678104124837641e-04	-1.004525e-01	-6.299226e-01	1.071686e-01
9.726932249837641e-04	-8.540174e-02	-5.921910e-01	9.235772e-02
9.775760374837641e-04	-7.024944e-02	-5.532568e-01	7.748296e-02
9.824588499837640e-04	-5.499565e-02	-5.131201e-01	6.254434e-02
9.873416624837639e-04	-3.972543e-02	-4.687447e-01	4.788669e-02
9.922244749837638e-04	-2.441782e-02	-4.178275e-01	3.379710e-02
9.971072874837637e-04	-9.087224e-03	-3.561043e-01	2.104751e-02
9.996237868102450e-04	-1.181907e-03	-3.143816e-01	1.615842e-02
1.001549524655772e-03	4.867898e-03	-2.702319e-01	1.464030e-02
1.003321606425838e-03	1.043438e-02	-2.144158e-01	1.582161e-02
1.004818313330167e-03	1.513487e-02	-1.498158e-01	1.910818e-02
1.006529219588093e-03	2.050640e-02	-5.241045e-02	2.475738e-02
1.008107086898748e-03	2.545815e-02	5.993155e-02	3.068534e-02
1.009697212837123e-03	3.044585e-02	1.911139e-01	3.664697e-02
1.010361310570357e-03	3.252803e-02	2.486217e-01	3.872790e-02
1.010892783668647e-03	3.419398e-02	2.919692e-01	3.973928e-02
1.011308675081123e-03	3.549736e-02	3.204395e-01	3.995732e-02
1.011663302623292e-03	3.660856e-02	3.391576e-01	3.982200e-02
1.011948063492114e-03	3.750070e-02	3.500292e-01	3.969953e-02
1.012283241607241e-03	3.855065e-02	3.589080e-01	3.976795e-02
1.012658020637158e-03	3.972444e-02	3.658015e-01	4.017327e-02
1.012995114346700e-03	4.078001e-02	3.702199e-01	4.080072e-02
1.013276647862096e-03	4.166146e-02	3.730498e-01	4.147904e-02
1.013596461034190e-03	4.266261e-02	3.757461e-01	4.235197e-02
1.013946143627544e-03	4.375705e-02	3.783741e-01	4.336967e-02
1.014406243412445e-03	4.519677e-02	3.815667e-01	4.475812e-02
1.015678461273026e-03	4.917571e-02	3.897413e-01	4.868705e-02
1.021246394108422e-03	6.654944e-02	4.212742e-01	6.597883e-02
1.031012019108422e-03	9.681178e-02	4.691397e-01	9.616843e-02
1.045660456608422e-03	1.414868e-01	5.314982e-01	1.407987e-01
1.056821170894136e-03	1.751175e-01	5.740776e-01	1.744160e-01
1.067981885179850e-03	2.075073e-01	6.144193e-01	2.067972e-01
1.079142599465564e-03	2.386564e-01	6.525234e-01	2.379421e-01
1.090303313751278e-03	2.685648e-01	6.883897e-01	2.678508e-01
1.101464028036992e-03	2.972323e-01	7.220185e-01	2.965233e-01
1.112624742322706e-03	3.246591e-01	7.534095e-01	3.239597e-01
1.123785456608420e-03	3.508451e-01	7.825629e-01	3.501598e-01
1.143316706608420e-03	3.927424e-01	8.292783e-01	3.920874e-01
1.162847956608419e-03	4.277247e-01	8.682559e-01	4.271052e-01
1.182379206608419e-03	4.557920e-01	8.994957e-01	4.552131e-01
1.201910456608418e-03	4.769443e-01	9.229978e-01	4.764111e-01
1.221441706608418e-03	4.911817e-01	9.387621e-01	4.906992e-01
1.240972956608418e-03	4.985040e-01	9.467886e-01	4.980774e-01
1.260504206608417e-03	4.989114e-01	9.470774e-01	4.985458e-01
1.277942822679845e-03	4.916795e-01	9.394766e-01	4.913697e-01
1.295381438751274e-03	4.791164e-01	9.258392e-01	4.788610e-01
1.312820054822702e-03	4.612221e-01	9.061650e-01	4.610198e-01
1.330258670894130e-03	4.379966e-01	8.804540e-01	4.378460e-01
1.347697286965558e-03	4.094399e-01	8.487063e-01	4.093397e-01
1.365135903036987e-03	3.755521e-01	8.109219e-01	3.755009e-01
1.382574519108415e-03	3.363331e-01	7.671008e-01	3.363295e-01
1.393037688751271e-03	3.109972e-01	7.387872e-01	3.110206e-01
1.403500858394128e-03	2.846160e-01	7.084990e-01	2.846628e-01
1.413964028036985e-03	2.571895e-01	6.762360e-01	2.572562e-01
1.424427197679842e-03	2.287176e-01	6.419983e-01	2.288007e-01
1.434890367322699e-03	1.992003e-01	6.057859e-01	1.992963e-01
1.445353536965556e-03	1.686378e-01	5.675988e-01	1.687430e-01
1.455816706608413e-03	1.370298e-01	5.274370e-01	1.371408e-01
1.470465144108413e-03	9.225485e-02	4.648628e-01	9.234804e-02
1.480230769108413e-03	6.194729e-02	4.166405e-01	6.199389e-02
1.485113581608412e-03	4.669890e-02	3.886920e-01	4.669337e-02
1.489996394108412e-03	3.140657e-02	3.555689e-01	3.129590e-02
1.494879206608412e-03	1.608467e-02	3.141160e-01	1.575397e-02
1.497635223774740e-03	7.428890e-03	2.821193e-01	6.815693e-03
1.500104976352591e-03	-3.297929e-04	2.407040e-01	-1.453577e-03
1.502157524755251e-03	-6.777856e-03	1.888129e-01	-8.665222e-03
1.504334383668668e-03	-1.361518e-02	1.065248e-01	-1.672357e-02
1.506229295883788e-03	-1.956491e-02	4.353858e-03	-2.394703e-02
1.508148349748060e-03	-2.558761e-02	-1.290122e-01	-3.113043e-02
1.509019992049323e-03	-2.832197e-02	-2.000663e-01	-3.390546e-02
1.509591995887110e-03	-3.011590e-02	-2.508841e-01	-3.493152e-02
1.509949027873302e-03	-3.123544e-02	-2.831374e-01	-3.449311e-02
1.510399309164222e-03	-3.264715e-02	-3.226150e-01	-3.173376e-02
1.510812288198405e-03	-3.394168e-02	-3.562722e-01	-2.669813e-02
1.511090014020344e-03	-3.481212e-02	-3.763983e-01	-2.154333e-02
1.511364065875802e-03	-3.567094e-02	-3.934477e-01	-1.513573e-02
1.511672262395070e-03	-3.663663e-02	-4.096681e-01	-7.227638e-03
1.511937595193510e-03	-3.746791e-02	-4.212848e-01	-3.778932e-04
1.512204469848678e-03	-3.830391e-02	-4.309040e-01	6.104249e-03
1.512484279880336e-03	-3.918031e-02	-4.391442e-01	1.210071e-02
1.512873166206129e-03	-4.039816e-02	-4.484107e-01	1.906740e-02
1.513262361012071e-03	-4.161673e-02	-4.558740e-01	2.456640e-02
1.513744743717341e-03	-4.312673e-02	-4.633560e-01	2.966123e-02
1.514259084900434e-03	-4.473633e-02	-4.700685e-01	3.367692e-02
1.514793364250109e-03	-4.640783e-02	-4.761694e-01	3.679700e-02
1.515391110738148e-03	-4.827727e-02	-4.823990e-01	3.955321e-02
1.516091495037020e-03	-5.046684e-02	-4.892719e-01	4.228824e-02
1.517977385868005e-03	-5.635760e-02	-5.067158e-01	4.874022e-02
1.524892476125693e-03	-7.788358e-02	-5.653056e-01	7.092378e-02
1.539540913625692e-03	-1.229475e-01	-6.772058e-01	1.166355e-01
1.550701627911406e-03	-1.569876e-01	-7.555868e-01	1.509393e-01
1.561862342197120e-03	-1.898688e-01	-8.304627e-01	1.840844e-01
1.573023056482834e-03	-2.215911e-01	-9.018333e-01	2.160709e-01
1.584183770768548e-03	-2.521546e-01	-9.696987e-01	2.468987e-01
1.595344485054263e-03	-2.815591e-01	-1.034059e+00	2.765679e-01
1.606505199339977e-03	-3.098048e-01	-1.094914e+00	3.050784e-01
1.617665913625691e-03	-3.368916e-01	-1.152264e+00	3.324302e-01
1.635802074339976e-03	-3.775688e-01	-1.238655e+00	3.736188e-01
1.653938235054261e-03	-4.124403e-01	-1.312690e+00	4.090311e-01
1.672074395768547e-03	-4.415063e-01	-1.374369e+00	4.386673e-01
1.690210556482832e-03	-4.647667e-01	-1.423693e+00	4.625272e-01
1.708346717197117e-03	-4.822215e-01	-1.460661e+00	4.806109e-01
1.726482877911403e-03	-4.938707e-01	-1.485273e+00	4.929184e-01
1.744619038625688e-03	-4.997143e-01	-1.497529e+00	4.994497e-01
1.763452743982830e-03	-4.975573e-01	-1.493530e+00	4.980151e-01
1.782286449339973e-03	-4.890047e-01	-1.475961e+00	4.901619e-01
1.801120154697115e-03	-4.740564e-01	-1.444825e+00	4.758899e-01
1.819953860054258e-03	-4.527124e-01	-1.400119e+00	4.551992e-01
1.838787565411400e-03	-4.249728e-01	-1.341844e+00	4.280898e-01
1.857621270768543e-03	-3.908375e-01	-1.270001e+00	3.945617e-01
1.876454976125685e-03	-3.503065e-01	-1.184588e+00	3.546149e-01
1.887615690411399e-03	-3.240844e-01	-1.129333e+00	3.286979e-01
1.898776404697113e-03	-2.966247e-01	-1.070636e+00	3.015362e-01
1.909937118982827e-03	-2.679274e-01	-1.008497e+00	2.731298e-01
1.921097833268541e-03	-2.379925e-01	-9.429172e-01	2.434787e-01
1.932258547554255e-03	-2.068200e-01	-8.738957e-01	2.125829e-01
1.943419261839969e-03	-1.744099e-01	-8.014328e-01	1.804424e-01
1.954579976125683e-03	-1.407622e-01	-7.255285e-01	1.470572e-01
1.969228413625683e-03	-9.607062e-02	-6.193990e-01	1.028321e-01
1.978994038625683e-03	-6.580074e-02	-5.424316e-01	7.306996e-02
1.983876851125683e-03	-5.056577e-02	-5.006786e-01	5.825657e-02
1.988759663625683e-03	-3.528321e-02	-4.548888e-01	4.370236e-02
1.993642476125683e-03	-1.996744e-02	-4.019543e-01	2.984337e-02
1.997535066626105e-03	-7.743507e-03	-3.501249e-01	2.007975e-02
1.999943051436145e-03	-1.789092e-04	-3.082091e-01	1.571914e-02
2.001720475082886e-03	5.404927e-03	-2.657367e-01	1.461137e-02
2.003512851181149e-03	1.103505e-02	-2.063645e-01	1.622763e-02
2.005203578130003e-03	1.634461e-02	-1.298949e-01	2.028074e-02
2.006802938389922e-03	2.136555e-02	-3.462700e-02	2.574946e-02
2.008418317800070e-03	2.643459e-02	8.451321e-02	3.186567e-02
2.009948058279488e-03	3.123240e-02	2.126576e-01	3.745613e-02
2.010568711226017e-03	3.317819e-02	2.654378e-01	3.917979e-02
2.011128714441400e-03	3.493340e-02	3.083243e-01	3.992491e-02
2.011488797005489e-03	3.606178e-02	3.304409e-01	3.994072e-02
2.011802930790115e-03	3.704602e-02	3.447167e-01	3.977561e-02
2.012103684193273e-03	3.798820e-02	3.544965e-01	3.971008e-02
2.012432414197615e-03	3.901787e-02	3.619084e-01	3.990148e-02
2.012822578727216e-03	4.023976e-02	3.680889e-01	4.045916e-02
2.013102150871969e-03	4.111514e-02	3.713625e-01	4.104697e-02
2.013392660889853e-03	4.202465e-02	3.740628e-01	4.178932e-02
2.013713177281065e-03	4.302793e-02	3.766457e-01	4.268776e-02
2.014103950156969e-03	4.425089e-02	3.794911e-01	4.384234e-02
2.014580023147141e-03	4.574046e-02	3.827256e-01	4.529025e-02
2.015958340856409e-03	5.005064e-02	3.914672e-01	4.955604e-02
2.019127814500803e-03	5.994724e-02	4.098273e-01	5.940291e-02
2.027981260577603e-03	8.745357e-02	4.549811e-01	8.682592e-02
2.042629698077602e-03	1.323295e-01	5.192425e-01	1.316478e-01
2.053790412363316e-03	1.661692e-01	5.625914e-01	1.654718e-01
2.064951126649030e-03	1.988084e-01	6.036607e-01	1.981002e-01
2.076111840934744e-03	2.302472e-01	6.424503e-01	2.295331e-01
2.087272555220459e-03	2.604856e-01	6.789602e-01	2.597704e-01
2.098433269506173e-03	2.895235e-01	7.131904e-01	2.888122e-01
2.109593983791887e-03	3.173610e-01	7.451409e-01	3.166584e-01
2.120754698077601e-03	3.439980e-01	7.748117e-01	3.433091e-01
2.139588403434743e-03	3.853241e-01	8.209843e-01	3.846630e-01
2.158422108791886e-03	4.203004e-01	8.600207e-01	4.196720e-01
2.177255814149028e-03	4.489268e-01	8.919211e-01	4.483362e-01
2.196089519506171e-03	4.712033e-01	9.166854e-01	4.706554e-01
2.214923224863313e-03	4.871300e-01	9.343137e-01	4.866299e-01
2.233756930220456e-03	4.967068e-01	9.448059e-01	4.962594e-01
2.252590635577598e-03	4.999337e-01	9.481620e-01	4.995441e-01
2.270726796291883e-03	4.951150e-01	9.431990e-01	4.947831e-01
2.288862957006169e-03	4.844446e-01	9.316447e-01	4.841692e-01
2.306999117720454e-03	4.679225e-01	9.134992e-01	4.677023e-01
2.325135278434739e-03	4.455487e-01	8.887624e-01	4.453826e-01
2.343271439149025e-03	4.173232e-01	8.574344e-01	4.172099e-01
2.361407599863310e-03	3.832459e-01	8.195151e-01	3.831843e-01
2.379543760577595e-03	3.433170e-01	7.750046e-01	3.433058e-01
2.390704474863309e-03	3.166361e-01	7.453387e-01	3.166544e-01
2.401865189149023e-03	2.887587e-01	7.134161e-01	2.888025e-01
2.413025903434737e-03	2.596848e-01	6.792369e-01	2.597501e-01
2.424186617720452e-03	2.294145e-01	6.428010e-01	2.294972e-01
2.435347332006166e-03	1.979478e-01	6.041083e-01	1.980438e-01
2.446508046291880e-03	1.652847e-01	5.631590e-01	1.653899e-01
2.457668760577594e-03	1.314251e-01	5.199530e-01	1.315355e-01
2.472317198077593e-03	8.653023e-02	4.562581e-01	8.661789e-02
2.477200010577593e-03	7.138354e-02	4.324540e-01	7.145002e-02
2.482082823077593e-03	5.616965e-02	4.064621e-01	5.620012e-02
2.486965635577593e-03	4.090291e-02	3.769397e-01	4.086671e-02
2.491848448077593e-03	2.559766e-02	3.416851e-01	2.543020e-02
2.495470444400255e-03	1.422810e-02	3.083802e-01	1.385411e-02
2.498183504725868e-03	5.706565e-03	2.745636e-01	5.012332e-03
2.500361921751035e-03	-1.137010e-03	2.354139e-01	-2.334773e-03
2.502523926731424e-03	-7.928818e-03	1.766342e-01	-1.000205e-02
2.504736405719168e-03	-1.487766e-02	8.671314e-02	-1.825256e-02
2.506695299277315e-03	-2.102770e-02	-2.631334e-02	-2.569890e-02
2.508612511296983e-03	-2.704380e-02	-1.670741e-01	-3.258980e-02
2.509409433431634e-03	-2.954339e-02	-2.344943e-01	-3.462433e-02
2.509889568735621e-03	-3.104901e-02	-2.777459e-01	-3.465386e-02
2.510254591567301e-03	-3.219346e-02	-3.102416e-01	-3.306869e-02
2.510660807599655e-03	-3.346688e-02	-3.444810e-01	-2.902983e-02
2.510947944370466e-03	-3.436686e-02	-3.664797e-01	-2.442456e-02
2.511231973041487e-03	-3.525700e-02	-3.854404e-01	-1.830540e-02
2.511558306665762e-03	-3.627958e-02	-4.039972e-01	-1.018982e-02
2.511825190717374e-03	-3.711576e-02	-4.166541e-01	-3.259354e-03
2.512090293202995e-03	-3.794625e-02	-4.270228e-01	3.405481e-03
2.512353297825462e-03	-3.877007e-02	-4.354325e-01	9.360001e-03
2.512748070967231e-03	-4.000644e-02	-4.456369e-01	1.697662e-02
2.513116582697253e-03	-4.116033e-02	-4.532417e-01	2.264297e-02
2.513631883008795e-03	-4.277348e-02	-4.617174e-01	2.858893e-02
2.514111767402982e-03	-4.427536e-02	-4.682657e-01	3.266585e-02
2.514665703628329e-03	-4.600849e-02	-4.747731e-01	3.612818e-02
2.515210172364294e-03	-4.771146e-02	-4.805635e-01	3.878139e-02
2.515919586553772e-03	-4.992950e-02	-4.876134e-01	4.164732e-02
2.517694520809482e-03	-5.547453e-02	-5.041631e-01	4.780692e-02
2.523736198916995e-03	-7.429334e-02	-5.558853e-01	6.725547e-02
2.538384636416994e-03	-1.194232e-01	-6.687827e-01	1.130748e-01
2.549545350702708e-03	-1.535351e-01	-7.475730e-01	1.474555e-01
2.560706064988422e-03	-1.865037e-01	-8.228482e-01	1.806917e-01
2.571866779274136e-03	-2.183291e-01	-8.946084e-01	2.127835e-01
2.583027493559851e-03	-2.490113e-01	-9.628537e-01	2.437310e-01
2.594188207845565e-03	-2.785503e-01	-1.027584e+00	2.735340e-01
2.605348922131279e-03	-3.069460e-01	-1.088799e+00	3.021926e-01
2.616509636416993e-03	-3.341985e-01	-1.146499e+00	3.297068e-01
2.634645797131278e-03	-3.751821e-01	-1.233570e+00	3.711989e-01
2.652781957845564e-03	-4.103797e-01	-1.308319e+00	4.069347e-01
2.670918118559849e-03	-4.397913e-01	-1.370745e+00	4.369143e-01
2.689054279274134e-03	-4.634170e-01	-1.420849e+00	4.611377e-01
2.707190439988419e-03	-4.812567e-01	-1.458631e+00	4.796049e-01
2.725326600702705e-03	-4.933105e-01	-1.484090e+00	4.923159e-01
2.743462761416990e-03	-4.995783e-01	-1.497227e+00	4.992706e-01
2.762296466774132e-03	-4.978649e-01	-1.494149e+00	4.982797e-01
2.781130172131275e-03	-4.897375e-01	-1.477471e+00	4.908521e-01
2.799963877488417e-03	-4.751960e-01	-1.447192e+00	4.769878e-01
2.818797582845560e-03	-4.542404e-01	-1.403312e+00	4.566869e-01
2.837631288202702e-03	-4.268708e-01	-1.345832e+00	4.299493e-01
2.856464993559845e-03	-3.930870e-01	-1.274751e+00	3.967750e-01
2.875298698916987e-03	-3.528892e-01	-1.190070e+00	3.571640e-01
2.886459413202701e-03	-3.268414e-01	-1.135192e+00	3.314237e-01
2.897620127488415e-03	-2.995407e-01	-1.076868e+00	3.044228e-01
2.908780841774129e-03	-2.709871e-01	-1.015099e+00	2.761612e-01
2.919941556059844e-03	-2.411807e-01	-9.498844e-01	2.466389e-01
2.931102270345558e-03	-2.101214e-01	-8.812242e-01	2.158561e-01
2.942262984631272e-03	-1.778092e-01	-8.091183e-01	1.838125e-01
2.953423698916986e-03	-1.442441e-01	-7.335669e-01	1.505083e-01
2.968072136416985e-03	-9.963292e-02	-6.281141e-01	1.063494e-01
2.977837761416985e-03	-6.939994e-02	-5.519283e-01	7.659180e-02
2.982720573916985e-03	-5.417833e-02	-5.108457e-01	6.175180e-02
2.987603386416985e-03	-3.890574e-02	-4.662285e-01	4.711082e-02
2.992486198916985e-03	-2.359653e-02	-4.147882e-01	3.307646e-02
2.997369011416985e-03	-8.265118e-03	-3.520005e-01	2.047767e-02
2.999850631701089e-03	-4.692543e-04	-3.098437e-01	1.584052e-02
3.001712143324627e-03	5.378753e-03	-2.656494e-01	1.465155e-02
3.003546882236731e-03	1.114194e-02	-2.057015e-01	1.620826e-02
3.005007546642994e-03	1.572908e-02	-1.405194e-01	1.963519e-02
3.006692125996494e-03	2.101774e-02	-4.171239e-02	2.535065e-02
3.008300887383548e-03	2.606619e-02	7.549252e-02	3.139062e-02
3.010063983512198e-03	3.159587e-02	2.221006e-01	3.775828e-02
3.010709351306078e-03	3.361904e-02	2.756251e-01	3.941289e-02
3.011312210579676e-03	3.550844e-02	3.192896e-01	3.999271e-02
3.011631771857672e-03	3.650977e-02	3.371043e-01	3.991980e-02
3.011929762461860e-03	3.744337e-02	3.488814e-01	3.977335e-02
3.012272628027263e-03	3.851740e-02	3.583782e-01	3.981211e-02
3.012640870004839e-03	3.967072e-02	3.654403e-01	4.016975e-02
3.012948734280368e-03	4.063478e-02	3.696501e-01	4.071125e-02
3.013211732083085e-03	4.145823e-02	3.724044e-01	4.132337e-02
3.013531220368399e-03	4.245839e-02	3.751974e-01	4.217532e-02
3.013868085772555e-03	4.351277e-02	3.777959e-01	4.314192e-02
3.014306753643825e-03	4.488549e-02	3.808886e-01	4.445624e-02
3.015470722445794e-03	4.852621e-02	3.884459e-01	4.804247e-02
3.020430484713851e-03	6.400813e-02	4.168966e-01	6.344660e-02
3.030196109713851e-03	9.429577e-02	4.653836e-01	9.365631e-02
3.044844547213851e-03	1.390265e-01	5.282262e-01	1.383400e-01
3.056005261499565e-03	1.727146e-01	5.710080e-01	1.720142e-01
3.067165975785279e-03	2.051728e-01	6.115418e-01	2.044630e-01
3.078326690070993e-03	2.364010e-01	6.498277e-01	2.356866e-01
3.089487404356707e-03	2.663992e-01	6.858656e-01	2.656849e-01
3.100648118642421e-03	2.951675e-01	7.196557e-01	2.944579e-01
3.111808832928135e-03	3.227059e-01	7.511978e-01	3.220055e-01
3.122969547213849e-03	3.490142e-01	7.804919e-01	3.483279e-01
3.142500797213849e-03	3.911556e-01	8.274985e-01	3.904993e-01
3.162032047213848e-03	4.263955e-01	8.667771e-01	4.257744e-01
3.181563297213848e-03	4.547340e-01	8.983278e-01	4.541532e-01
3.201094547213847e-03	4.761711e-01	9.221506e-01	4.756357e-01
3.220625797213847e-03	4.907068e-01	9.382455e-01	4.902220e-01
3.240157047213847e-03	4.983410e-01	9.466124e-01	4.979120e-01
3.259688297213846e-03	4.990739e-01	9.472515e-01	4.987057e-01
3.277824457928132e-03	4.916518e-01	9.394831e-01	4.913419e-01
3.295960618642417e-03	4.784989e-01	9.252087e-01	4.782456e-01
3.314096779356702e-03	4.596150e-01	9.044283e-01	4.594168e-01
3.332232940070987e-03	4.350002e-01	8.771419e-01	4.348555e-01
3.350369100785273e-03	4.046545e-01	8.433494e-01	4.045617e-01
3.368505261499558e-03	3.685779e-01	8.030509e-01	3.685355e-01
3.386641422213843e-03	3.267703e-01	7.562463e-01	3.267767e-01
3.397104591856701e-03	3.008940e-01	7.272938e-01	3.009270e-01
3.407567761499557e-03	2.740207e-01	6.963072e-01	2.740764e-01
3.418030931142414e-03	2.461503e-01	6.632866e-01	2.462248e-01
3.428494100785271e-03	2.172830e-01	6.282319e-01	2.173722e-01
3.438957270428128e-03	1.874187e-01	5.911431e-01	1.875186e-01
3.449420440070985e-03	1.565574e-01	5.520202e-01	1.566640e-01
3.459883609713842e-03	1.246991e-01	5.108633e-01	1.248084e-01
3.469649234713842e-03	9.477288e-02	4.685916e-01	9.486817e-02
3.479414859713841e-03	6.448997e-02	4.209914e-01	6.454264e-02
3.484297672213841e-03	4.925033e-02	3.936342e-01	4.925595e-02
3.489180484713841e-03	3.396434e-02	3.616456e-01	3.387768e-02
3.494063297213841e-03	1.864638e-02	3.222347e-01	1.837066e-02
3.497005655055616e-03	9.406457e-03	2.904946e-01	8.876865e-03
3.499546154141767e-03	1.425797e-03	2.518010e-01	4.527958e-04
3.501584363890791e-03	-4.977344e-03	2.054962e-01	-6.612727e-03
3.503786966353122e-03	-1.189598e-02	1.309475e-01	-1.465867e-02
3.505608675391256e-03	-1.761653e-02	4.111847e-02	-2.157189e-02
3.507730500606385e-03	-2.427654e-02	-9.770323e-02	-2.960779e-02
3.508863978772873e-03	-2.783262e-02	-1.869369e-01	-3.340221e-02
3.509558555512263e-03	-3.001104e-02	-2.478258e-01	-3.483983e-02
3.509948034731480e-03	-3.123233e-02	-2.829866e-01	-3.451939e-02
3.510355314771178e-03	-3.250923e-02	-3.188662e-01	-3.221366e-02
3.510768320728897e-03	-3.380387e-02	-3.528534e-01	-2.741640e-02
3.511054781026904e-03	-3.470170e-02	-3.739503e-01	-2.229365e-02
3.511331385362961e-03	-3.556853e-02	-3.914895e-01	-1.595168e-02
3.511645883085524e-03	-3.655398e-02	-4.083703e-01	-7.930619e-03
3.511909977527623e-03	-3.738138e-02	-4.201464e-01	-1.100166e-03
3.512188359047969e-03	-3.825344e-02	-4.303477e-01	5.712034e-03
3.512462932335502e-03	-3.911345e-02	-4.385536e-01	1.165478e-02
3.512857230195119e-03	-4.034826e-02	-4.480639e-01	1.880304e-02
3.513238719893228e-03	-4.154272e-02	-4.554683e-01	2.427398e-02
3.513716944915937e-03	-4.303972e-02	-4.629605e-01	2.940604e-02
3.514229583712761e-03	-4.464402e-02	-4.697089e-01	3.347661e-02
3.514763579875746e-03	-4.631466e-02	-4.758447e-01	3.664212e-02
3.515355864765341e-03	-4.816706e-02	-4.820434e-01	3.940461e-02
3.516047970038847e-03	-5.033080e-02	-4.888541e-01	4.212788e-02
3.517915100671309e-03	-5.616317e-02	-5.061553e-01	4.853512e-02
3.524602753698416e-03	-7.698437e-02	-5.629576e-01	7.000580e-02
3.539251191198416e-03	-1.220650e-01	-6.751006e-01	1.157440e-01
3.550411905484130e-03	-1.561233e-01	-7.535833e-01	1.500672e-01
3.561572619769844e-03	-1.890266e-01	-8.285586e-01	1.832353e-01
3.572733334055558e-03	-2.207749e-01	-9.000264e-01	2.152483e-01
3.583894048341272e-03	-2.513682e-01	-9.679868e-01	2.461062e-01
3.595054762626986e-03	-2.808066e-01	-1.032440e+00	2.758091e-01
3.606215476912700e-03	-3.090900e-01	-1.093385e+00	3.043568e-01
3.617376191198414e-03	-3.362185e-01	-1.150823e+00	3.317494e-01
3.635512351912700e-03	-3.769726e-01	-1.237385e+00	3.730143e-01
3.653648512626985e-03	-4.119260e-01	-1.311599e+00	4.085079e-01
3.671784673341270e-03	-4.410788e-01	-1.373466e+00	4.382302e-01
3.689920834055555e-03	-4.644308e-01	-1.422985e+00	4.621813e-01
3.708056994769841e-03	-4.819821e-01	-1.460157e+00	4.803612e-01
3.726193155484126e-03	-4.937327e-01	-1.484981e+00	4.927699e-01
3.744329316198411e-03	-4.996827e-01	-1.497458e+00	4.994073e-01
3.763163021555554e-03	-4.976368e-01	-1.493690e+00	4.980839e-01
3.781996726912696e-03	-4.891907e-01	-1.476345e+00	4.903372e-01
3.800830432269839e-03	-4.743443e-01	-1.445423e+00	4.761674e-01
3.819664137626981e-03	-4.530975e-01	-1.400924e+00	4.555742e-01
3.838497842984124e-03	-4.254505e-01	-1.342848e+00	4.285579e-01
3.857331548341266e-03	-3.914031e-01	-1.271195e+00	3.951182e-01
3.876165253698409e-03	-3.509554e-01	-1.185966e+00	3.552554e-01
3.887325967984123e-03	-3.247768e-01	-1.130804e+00	3.293825e-01
3.898486682269837e-03	-2.973568e-01	-1.072201e+00	3.022610e-01
3.909647396555551e-03	-2.686954e-01	-1.010155e+00	2.738907e-01
3.920808110841265e-03	-2.387925e-01	-9.446663e-01	2.442717e-01
3.931968825126979e-03	-2.076482e-01	-8.757355e-01	2.134041e-01
3.943129539412693e-03	-1.752625e-01	-8.033623e-01	1.812877e-01
3.954290253698407e-03	-1.416354e-01	-7.275467e-01	1.479226e-01
3.968938691198407e-03	-9.696369e-02	-6.215892e-01	1.037137e-01
3.978704316198406e-03	-6.670291e-02	-5.448231e-01	7.395212e-02
3.983587128698406e-03	-5.147121e-02	-5.032451e-01	5.913133e-02
3.988469941198406e-03	-3.619107e-02	-4.577664e-01	4.455318e-02
3.993352753698406e-03	-2.087687e-02	-4.053394e-01	3.063537e-02
3.997384152705108e-03	-8.217556e-03	-3.524132e-01	2.040831e-02
3.999818427135124e-03	-5.704279e-04	-3.107181e-01	1.588277e-02
4.001635606824518e-03	5.138320e-03	-2.680883e-01	1.460939e-02
4.003406830413264e-03	1.070206e-02	-2.105741e-01	1.603488e-02
4.005085694718865e-03	1.597446e-02	-1.362005e-01	1.991635e-02
4.006656511336893e-03	2.090595e-02	-4.454328e-02	2.520420e-02
4.008249465305323e-03	2.590486e-02	7.144981e-02	3.119312e-02
4.010059887297373e-03	3.158303e-02	2.216794e-01	3.774386e-02
4.010708608168038e-03	3.361671e-02	2.754619e-01	3.941461e-02
4.011310947132180e-03	3.550448e-02	3.190857e-01	3.999428e-02
4.011639925658925e-03	3.653532e-02	3.374050e-01	3.991942e-02
4.011935196583980e-03	3.746039e-02	3.490363e-01	3.977685e-02
4.012280043079246e-03	3.854062e-02	3.585348e-01	3.981850e-02
4.012642768167719e-03	3.967667e-02	3.654594e-01	4.017477e-02
4.012956477498484e-03	4.065903e-02	3.697276e-01	4.073014e-02
4.013221974168515e-03	4.149029e-02	3.724982e-01	4.134998e-02
4.013541068921769e-03	4.248922e-02	3.752764e-01	4.220305e-02
4.013879851030874e-03	4.354959e-02	3.778817e-01	4.317669e-02
4.014319109759689e-03	4.492415e-02	3.809727e-01	4.449384e-02
4.015491779556886e-03	4.859204e-02	3.885778e-01	4.810779e-02
4.020510314323399e-03	6.425685e-02	4.173281e-01	6.369440e-02
4.030275939323398e-03	9.454205e-02	4.657528e-01	9.390220e-02
4.044924376823398e-03	1.392674e-01	5.285472e-01	1.385808e-01
4.056085091109113e-03	1.729499e-01	5.713090e-01	1.722494e-01
4.067245805394826e-03	2.054014e-01	6.118240e-01	2.046917e-01
4.078406519680540e-03	2.366219e-01	6.500920e-01	2.359076e-01
4.089567233966254e-03	2.666114e-01	6.861131e-01	2.658971e-01
4.100727948251968e-03	2.953699e-01	7.198873e-01	2.946603e-01
4.111888662537682e-03	3.228973e-01	7.514147e-01	3.221971e-01
4.123049376823396e-03	3.491938e-01	7.806951e-01	3.485076e-01
4.142580626823396e-03	3.913113e-01	8.276731e-01	3.906551e-01
4.162111876823396e-03	4.265260e-01	8.669223e-01	4.259051e-01
4.181643126823395e-03	4.548380e-01	8.984426e-01	4.542574e-01
4.201174376823395e-03	4.762473e-01	9.222341e-01	4.757122e-01
4.220705626823394e-03	4.907538e-01	9.382966e-01	4.902693e-01
4.240236876823394e-03	4.983576e-01	9.466303e-01	4.979288e-01
4.259768126823394e-03	4.990586e-01	9.472351e-01	4.986907e-01
4.277904287537678e-03	4.916073e-01	9.394353e-01	4.912977e-01
4.296040448251964e-03	4.784266e-01	9.251304e-01	4.781736e-01
4.314176608966249e-03	4.595163e-01	9.043205e-01	4.593184e-01
4.332312769680535e-03	4.348766e-01	8.770055e-01	4.347322e-01
4.350448930394820e-03	4.045074e-01	8.431856e-01	4.044149e-01
4.368585091109106e-03	3.684087e-01	8.028605e-01	3.683665e-01
4.386721251823391e-03	3.265805e-01	7.560304e-01	3.265871e-01
4.397184421466247e-03	3.006937e-01	7.270657e-01	3.007269e-01
4.407647591109105e-03	2.738109e-01	6.960655e-01	2.738668e-01
4.418110760751962e-03	2.459320e-01	6.630298e-01	2.460066e-01
4.428573930394818e-03	2.170571e-01	6.279587e-01	2.171464e-01
4.439037100037675e-03	1.871862e-01	5.908521e-01	1.872861e-01
4.449500269680533e-03	1.563192e-01	5.517101e-01	1.564258e-01
4.459963439323389e-03	1.244562e-01	5.105327e-01	1.245655e-01
4.469729064323389e-03	9.452661e-02	4.682283e-01	9.462172e-02
4.479494689323389e-03	6.424126e-02	4.205690e-01	6.429337e-02
4.484377501823389e-03	4.900075e-02	3.931563e-01	4.900533e-02
4.489260314323389e-03	3.371412e-02	3.610630e-01	3.362527e-02
4.494143126823389e-03	1.839576e-02	3.214699e-01	1.811514e-02
4.497063353551873e-03	9.225223e-03	2.897584e-01	8.688566e-03
4.499597322155884e-03	1.265048e-03	2.508361e-01	2.792714e-04
4.501634213355688e-03	-5.133942e-03	2.041330e-01	-6.789800e-03
4.503832313246300e-03	-1.203840e-02	1.290300e-01	-1.482887e-02
4.505659152079349e-03	-1.777500e-02	3.826574e-02	-2.176527e-02
4.507764219527994e-03	-2.438234e-02	-1.000510e-01	-2.973844e-02
4.508854345676304e-03	-2.780240e-02	-1.860305e-01	-3.339333e-02
4.509539401591167e-03	-2.995097e-02	-2.461048e-01	-3.484233e-02
4.509926624578913e-03	-3.116520e-02	-2.810831e-01	-3.458997e-02
4.510327708595006e-03	-3.242269e-02	-3.165350e-01	-3.245902e-02
4.510736988275982e-03	-3.370566e-02	-3.504701e-01	-2.791152e-02
4.511020962815904e-03	-3.459571e-02	-3.716612e-01	-2.299442e-02
4.511292535241245e-03	-3.544679e-02	-3.892058e-01	-1.688863e-02
4.511607580913238e-03	-3.643397e-02	-4.065100e-01	-8.916433e-03
4.511870568720481e-03	-3.725792e-02	-4.185152e-01	-2.106361e-03
4.512167209189028e-03	-3.818719e-02	-4.296269e-01	5.215343e-03
4.512437144445208e-03	-3.903269e-02	-4.378449e-01	1.112590e-02
4.512839400061481e-03	-4.029243e-02	-4.476855e-01	1.851909e-02
4.513210286891205e-03	-4.145370e-02	-4.549853e-01	2.392952e-02
4.513682627333812e-03	-4.293231e-02	-4.624724e-01	2.909302e-02
4.514192515011407e-03	-4.452803e-02	-4.692554e-01	3.322419e-02
4.514727288408169e-03	-4.620114e-02	-4.754480e-01	3.645248e-02
4.515312818900641e-03	-4.803245e-02	-4.816080e-01	3.922226e-02
4.515995453557953e-03	-5.016665e-02	-4.883490e-01	4.193358e-02
4.517843657571009e-03	-5.594014e-02	-5.055113e-01	4.829955e-02
4.524264284714846e-03	-7.593355e-02	-5.602065e-01	6.893262e-02
4.538912722214845e-03	-1.210336e-01	-6.726367e-01	1.147020e-01
4.550073436500560e-03	-1.551129e-01	-7.512390e-01	1.490477e-01
4.561234150786273e-03	-1.880418e-01	-8.263309e-01	1.822425e-01
4.572394865071988e-03	-2.198203e-01	-8.979127e-01	2.142864e-01
4.583555579357701e-03	-2.504485e-01	-9.659841e-01	2.451793e-01
4.594716293643416e-03	-2.799263e-01	-1.030545e+00	2.749214e-01
4.605877007929129e-03	-3.082537e-01	-1.091596e+00	3.035126e-01
4.617037722214844e-03	-3.354307e-01	-1.149137e+00	3.309528e-01
4.635173882929128e-03	-3.762746e-01	-1.235898e+00	3.723065e-01
4.653310043643414e-03	-4.113235e-01	-1.310321e+00	4.078948e-01
4.671446204357699e-03	-4.405775e-01	-1.372407e+00	4.377178e-01
4.689582365071985e-03	-4.640365e-01	-1.422154e+00	4.617753e-01
4.707718525786270e-03	-4.817005e-01	-1.459564e+00	4.800675e-01
4.725854686500556e-03	-4.935696e-01	-1.484637e+00	4.925943e-01
4.743990847214841e-03	-4.996437e-01	-1.497372e+00	4.993556e-01
4.762824552571984e-03	-4.977277e-01	-1.493873e+00	4.981621e-01
4.781658257929125e-03	-4.894060e-01	-1.476788e+00	4.905401e-01
4.800491963286268e-03	-4.746786e-01	-1.446117e+00	4.764895e-01
4.819325668643411e-03	-4.535455e-01	-1.401860e+00	4.560104e-01
4.838159374000553e-03	-4.260067e-01	-1.344017e+00	4.291028e-01
4.856993079357695e-03	-3.920622e-01	-1.272587e+00	3.957667e-01
4.875826784714838e-03	-3.517120e-01	-1.187572e+00	3.560021e-01
4.886987499000552e-03	-3.255844e-01	-1.132521e+00	3.301810e-01
4.898148213286266e-03	-2.982109e-01	-1.074026e+00	3.031064e-01
4.909308927571980e-03	-2.695915e-01	-1.012088e+00	2.747785e-01
4.920469641857694e-03	-2.397261e-01	-9.467069e-01	2.451972e-01
4.931630356143408e-03	-2.086149e-01	-8.778818e-01	2.143625e-01
4.942791070429122e-03	-1.762578e-01	-8.056132e-01	1.822745e-01
4.953951784714836e-03	-1.426548e-01	-7.299010e-01	1.489330e-01
4.968600222214836e-03	-9.800661e-02	-6.241424e-01	1.047434e-01
4.978365847214836e-03	-6.775659e-02	-5.476067e-01	7.498297e-02
4.983248659714836e-03	-5.252878e-02	-5.062270e-01	6.015417e-02
4.988131472214836e-03	-3.725153e-02	-4.610965e-01	4.555000e-02
4.993014284714836e-03	-2.193923e-02	-4.092312e-01	3.156837e-02
4.997213172512817e-03	-8.754630e-03	-3.543719e-01	2.087621e-02
5.000000000000000e-03	-6.123234e-16	-3.099325e-01	1.503533e-02
