time	V(vin)	V(vo1)	V(vo2)
0.000000000000000e+00	0.000000e+00	-1.471202e-01	1.786869e-04
4.445336353720321e-08	2.793088e-04	-1.471209e-01	1.851451e-04
8.890672707440642e-08	5.586174e-04	-1.470718e-01	2.335283e-04
1.333600906116096e-07	8.379260e-04	-1.469729e-01	3.238365e-04
1.778134541488128e-07	1.117235e-03	-1.468242e-01	4.560697e-04
2.222668176860160e-07	1.396543e-03	-1.466256e-01	6.302279e-04
2.667201812232193e-07	1.675851e-03	-1.463772e-01	8.463111e-04
3.111735447604224e-07	1.955160e-03	-1.460790e-01	1.104319e-03
4.333880881997971e-07	2.723054e-03	-1.449908e-01	1.929990e-03
5.538139186442848e-07	3.479708e-03	-1.436026e-01	2.840499e-03
8.586806764344387e-07	5.395224e-03	-1.387486e-01	5.251997e-03
1.052431229337917e-06	6.612572e-03	-1.346564e-01	6.761995e-03
1.326309212443029e-06	8.333351e-03	-1.273181e-01	8.869489e-03
1.874065178653253e-06	1.177483e-02	-1.084074e-01	1.306253e-02
2.454258732187077e-06	1.541995e-02	-8.118438e-02	1.751788e-02
3.614645839254724e-06	2.270954e-02	-4.577316e-03	2.651154e-02
5.323480070376985e-06	3.344218e-02	1.410937e-01	3.981191e-02
6.017062767115158e-06	3.779731e-02	2.116368e-01	4.502634e-02
6.498011701020204e-06	4.081687e-02	2.642823e-01	4.818489e-02
6.921674449620961e-06	4.347645e-02	3.081044e-01	5.022420e-02
7.284005699351319e-06	4.575078e-02	3.406133e-01	5.123330e-02
7.495552644210111e-06	4.707854e-02	3.557757e-01	5.148802e-02
7.742110797932864e-06	4.862593e-02	3.691115e-01	5.166411e-02
8.013695993811271e-06	5.033026e-02	3.800244e-01	5.202798e-02
8.276187544120733e-06	5.197739e-02	3.876454e-01	5.269681e-02
8.562058833368004e-06	5.377106e-02	3.937901e-01	5.378814e-02
8.811561560642889e-06	5.533639e-02	3.980301e-01	5.498854e-02
9.093377898826761e-06	5.710430e-02	4.020773e-01	5.652871e-02
9.369699917238601e-06	5.883756e-02	4.056468e-01	5.814035e-02
9.705177127270678e-06	6.094164e-02	4.096837e-01	6.016776e-02
1.009645967096798e-05	6.339539e-02	4.141776e-01	6.257448e-02
1.128293063683254e-05	7.083338e-02	4.270850e-01	6.994832e-02
1.415906757275314e-05	8.884674e-02	4.557474e-01	8.787670e-02
1.760340397032508e-05	1.103801e-01	4.873166e-01	1.093402e-01
2.221556248809738e-05	1.391317e-01	5.269576e-01	1.380298e-01
3.198118748809739e-05	1.995942e-01	6.044050e-01	1.984254e-01
4.662962498809738e-05	2.888090e-01	7.107425e-01	2.875960e-01
5.779033927381168e-05	3.559314e-01	7.866307e-01	3.547071e-01
6.895105355952597e-05	4.205467e-01	8.590448e-01	4.193180e-01
8.011176784524026e-05	4.826548e-01	9.279845e-01	4.814287e-01
9.127248213095456e-05	5.422558e-01	9.934501e-01	5.410393e-01
1.024331964166689e-04	5.993496e-01	1.055441e+00	5.981497e-01
1.135939107023832e-04	6.539363e-01	1.113958e+00	6.527599e-01
1.247546249880974e-04	7.060158e-01	1.169001e+00	7.048699e-01
1.442858749880974e-04	7.892277e-01	1.257011e+00	7.881482e-01
1.638171249880974e-04	8.585780e-01	1.330346e+00	8.575744e-01
1.833483749880975e-04	9.140664e-01	1.389005e+00	9.131487e-01
2.028796249880975e-04	9.556931e-01	1.432988e+00	9.548710e-01
2.224108749880975e-04	9.834581e-01	1.462297e+00	9.827413e-01
2.419421249880975e-04	9.973612e-01	1.476930e+00	9.967597e-01
2.614733749880975e-04	9.974027e-01	1.476887e+00	9.969260e-01
2.789119910595261e-04	9.822588e-01	1.461406e+00	9.818964e-01
2.963506071309547e-04	9.564841e-01	1.434582e+00	9.562335e-01
3.137892232023833e-04	9.200785e-01	1.396415e+00	9.199373e-01
3.312278392738119e-04	8.730421e-01	1.346907e+00	8.730078e-01
3.486664553452405e-04	8.153748e-01	1.286055e+00	8.154450e-01
3.661050714166691e-04	7.470767e-01	1.213862e+00	7.472489e-01
3.835436874880976e-04	6.681478e-01	1.130326e+00	6.684195e-01
3.940068571309548e-04	6.172155e-01	1.076421e+00	6.175431e-01
4.044700267738119e-04	5.642153e-01	1.019491e+00	5.645936e-01
4.149331964166691e-04	5.091475e-01	9.595372e-01	5.095711e-01
4.253963660595263e-04	4.520118e-01	8.965588e-01	4.524757e-01
4.358595357023834e-04	3.928084e-01	8.305560e-01	3.933072e-01
4.463227053452405e-04	3.315373e-01	7.615287e-01	3.320657e-01
4.567858749880977e-04	2.681983e-01	6.894770e-01	2.687511e-01
4.714343124880977e-04	1.785214e-01	5.814574e-01	1.790770e-01
4.811999374880977e-04	1.178498e-01	5.019751e-01	1.183653e-01
4.860827499880977e-04	8.733326e-02	4.577673e-01	8.779234e-02
4.909655624880977e-04	5.673457e-02	4.077741e-01	5.707138e-02
4.949848125701412e-04	3.150614e-02	3.586147e-01	3.161025e-02
4.974810278211435e-04	1.582651e-02	3.194456e-01	1.559217e-02
4.993445910794631e-04	4.118044e-03	2.797117e-01	3.350064e-03
5.008436530483155e-04	-5.300804e-03	2.330610e-01	-6.914649e-03
5.025146042511998e-04	-1.579907e-02	1.554319e-01	-1.898817e-02
5.039653120789908e-04	-2.491221e-02	5.575159e-02	-2.996469e-02
5.055333031717161e-04	-3.475977e-02	-8.979958e-02	-4.198986e-02
5.064124008635496e-04	-4.027940e-02	-1.893631e-01	-4.833068e-02
5.069289806695437e-04	-4.352232e-02	-2.551543e-01	-5.132894e-02
5.071960669640772e-04	-4.519882e-02	-2.907722e-01	-5.211245e-02
5.073993705667821e-04	-4.647487e-02	-3.180342e-01	-5.171861e-02
5.076398635598109e-04	-4.798425e-02	-3.492422e-01	-4.931839e-02
5.079745362308254e-04	-5.008453e-02	-3.897848e-01	-4.251604e-02
5.082105950904958e-04	-5.156581e-02	-4.153020e-01	-3.500986e-02
5.084391338168546e-04	-5.299980e-02	-4.364043e-01	-2.550428e-02
5.086856412178602e-04	-5.454641e-02	-4.555868e-01	-1.403365e-02
5.088930705326467e-04	-5.584774e-02	-4.689765e-01	-4.247046e-03
5.091358167840246e-04	-5.737051e-02	-4.819250e-01	6.581041e-03
5.093583370523491e-04	-5.876629e-02	-4.917012e-01	1.534515e-02
5.096914335649965e-04	-6.085545e-02	-5.037020e-01	2.633507e-02
5.099954030317116e-04	-6.276169e-02	-5.127630e-01	3.430785e-02
5.103955541545013e-04	-6.527076e-02	-5.227182e-01	4.222720e-02
5.108238138874021e-04	-6.795561e-02	-5.319747e-01	4.857350e-02
5.113017548213030e-04	-7.095136e-02	-5.412607e-01	5.394396e-02
5.117532170434018e-04	-7.378054e-02	-5.494463e-01	5.803276e-02
5.122291842279651e-04	-7.676264e-02	-5.577014e-01	6.174491e-02
5.134829586696386e-04	-8.461463e-02	-5.785548e-01	7.041490e-02
5.179729911405559e-04	-1.127400e-01	-6.473460e-01	9.920166e-02
5.224630236114734e-04	-1.407213e-01	-7.143920e-01	1.277412e-01
5.269530560823907e-04	-1.685586e-01	-7.796927e-01	1.560334e-01
5.314430885533082e-04	-1.962518e-01	-8.432482e-01	1.840785e-01
5.359331210242255e-04	-2.238010e-01	-9.050584e-01	2.118763e-01
5.404231534951430e-04	-2.512062e-01	-9.651233e-01	2.394268e-01
5.449131859660603e-04	-2.784673e-01	-1.023443e+00	2.667301e-01
5.560739002517746e-04	-3.458339e-01	-1.167415e+00	3.344618e-01
5.672346145374889e-04	-4.107388e-01	-1.305451e+00	3.997613e-01
5.783953288232033e-04	-4.731819e-01	-1.437550e+00	4.626285e-01
5.895560431089176e-04	-5.331634e-01	-1.563713e+00	5.230635e-01
6.007167573946318e-04	-5.906830e-01	-1.683940e+00	5.810662e-01
6.118774716803461e-04	-6.457410e-01	-1.798231e+00	6.366367e-01
6.230381859660604e-04	-6.983372e-01	-1.906585e+00	6.897750e-01
6.418718913232033e-04	-7.796898e-01	-2.074354e+00	7.721803e-01
6.607055966803461e-04	-8.482675e-01	-2.215818e+00	8.418706e-01
6.795393020374890e-04	-9.040702e-01	-2.330976e+00	8.988460e-01
6.983730073946320e-04	-9.470979e-01	-2.419830e+00	9.431064e-01
7.172067127517748e-04	-9.773506e-01	-2.482378e+00	9.746519e-01
7.360404181089177e-04	-9.948283e-01	-2.518620e+00	9.934825e-01
7.548741234660605e-04	-9.995311e-01	-2.528558e+00	9.995981e-01
7.730102841803462e-04	-9.882160e-01	-2.506173e+00	9.896428e-01
7.911464448946319e-04	-9.652726e-01	-2.459770e+00	9.680083e-01
8.092826056089178e-04	-9.307011e-01	-2.389349e+00	9.346947e-01
8.274187663232035e-04	-8.845014e-01	-2.294910e+00	8.897019e-01
8.455549270374892e-04	-8.266734e-01	-2.176453e+00	8.330300e-01
8.636910877517749e-04	-7.572173e-01	-2.033978e+00	7.646790e-01
8.818272484660606e-04	-6.761329e-01	-1.867485e+00	6.846488e-01
8.929879627517749e-04	-6.221055e-01	-1.756605e+00	6.311923e-01
9.041486770374892e-04	-5.657467e-01	-1.639941e+00	5.753779e-01
9.153093913232036e-04	-5.070564e-01	-1.517494e+00	5.172055e-01
9.264701056089179e-04	-4.460346e-01	-1.389263e+00	4.566751e-01
9.376308198946321e-04	-3.826814e-01	-1.255248e+00	3.937868e-01
9.487915341803464e-04	-3.169967e-01	-1.115450e+00	3.285405e-01
9.599522484660607e-04	-2.489805e-01	-9.698687e-01	2.609362e-01
9.746006859660607e-04	-1.589120e-01	-7.700723e-01	1.715703e-01
9.843663109660606e-04	-9.807147e-02	-6.274159e-01	1.115583e-01
9.892491234660605e-04	-6.749839e-02	-5.500593e-01	8.184560e-02
9.941319359660604e-04	-3.686178e-02	-4.642840e-01	5.303692e-02
9.976760742185578e-04	-1.460114e-02	-3.914147e-01	3.382333e-02
9.996293695585204e-04	-2.328738e-03	-3.412453e-01	2.541169e-02
1.000999180416110e-03	6.277994e-03	-2.953531e-01	2.218287e-02
1.002155735228702e-03	1.354447e-02	-2.441234e-01	2.255217e-02
1.003206492593880e-03	2.014562e-02	-1.843155e-01	2.583918e-02
1.003871230285433e-03	2.432126e-02	-1.369266e-01	2.947853e-02
1.004679695722495e-03	2.939916e-02	-6.535743e-02	3.513712e-02
1.006014454152205e-03	3.778094e-02	7.665122e-02	4.529272e-02
1.007178485740507e-03	4.508847e-02	2.179477e-01	5.405159e-02
1.007676833288650e-03	4.821626e-02	2.812321e-01	5.715379e-02
1.008079067214701e-03	5.074048e-02	3.290091e-01	5.867105e-02
1.008313326958245e-03	5.221042e-02	3.526231e-01	5.892841e-02
1.008487252475349e-03	5.330171e-02	3.664716e-01	5.879206e-02
1.008719728201302e-03	5.476026e-02	3.805495e-01	5.851361e-02
1.008954609575313e-03	5.623379e-02	3.910602e-01	5.841219e-02
1.009158640885761e-03	5.751368e-02	3.975652e-01	5.863579e-02
1.009401864319809e-03	5.903930e-02	4.032185e-01	5.930730e-02
1.009632553413055e-03	6.048618e-02	4.073760e-01	6.025335e-02
1.009867920416170e-03	6.196225e-02	4.108558e-01	6.144024e-02
1.010104519403658e-03	6.344593e-02	4.139261e-01	6.276483e-02
1.010374347266346e-03	6.513780e-02	4.171432e-01	6.436124e-02
1.010691316544373e-03	6.712501e-02	4.207226e-01	6.629134e-02
1.011597103090723e-03	7.280228e-02	4.304285e-01	7.190694e-02
1.013520209990087e-03	8.484785e-02	4.497438e-01	8.389419e-02
1.015758760907928e-03	9.885351e-02	4.707372e-01	9.784838e-02
1.020235862743610e-03	1.268034e-01	5.102021e-01	1.257233e-01
1.030001487743609e-03	1.873905e-01	5.892528e-01	1.862315e-01
1.044649925243609e-03	2.768782e-01	6.968664e-01	2.756691e-01
1.055810639529323e-03	3.442816e-01	7.733799e-01	3.430592e-01
1.066971353815037e-03	4.092303e-01	8.464218e-01	4.080018e-01
1.078132068100751e-03	4.717242e-01	9.159919e-01	4.704968e-01
1.089292782386465e-03	5.317633e-01	9.820903e-01	5.305442e-01
1.100453496672179e-03	5.893477e-01	1.044717e+00	5.881440e-01
1.111614210957893e-03	6.444774e-01	1.103872e+00	6.432963e-01
1.122774925243607e-03	6.971523e-01	1.159555e+00	6.960010e-01
1.142306175243607e-03	7.815510e-01	1.248865e+00	7.804645e-01
1.161837425243607e-03	8.521535e-01	1.323556e+00	8.511416e-01
1.181368675243606e-03	9.089597e-01	1.383628e+00	9.080324e-01
1.200899925243606e-03	9.519696e-01	1.429081e+00	9.511369e-01
1.220431175243605e-03	9.811832e-01	1.459916e+00	9.804551e-01
1.239962425243605e-03	9.966005e-01	1.476132e+00	9.959869e-01
1.259493675243605e-03	9.982215e-01	1.477729e+00	9.977323e-01
1.277629835957890e-03	9.835197e-01	1.462747e+00	9.831497e-01
1.295765996672175e-03	9.573493e-01	1.435521e+00	9.570955e-01
1.313902157386460e-03	9.197101e-01	1.396050e+00	9.195699e-01
1.332038318100746e-03	8.706021e-01	1.344335e+00	8.705728e-01
1.350174478815031e-03	8.100254e-01	1.280376e+00	8.101042e-01
1.368310639529316e-03	7.379799e-01	1.204172e+00	7.381641e-01
1.386446800243602e-03	6.544657e-01	1.115725e+00	6.547526e-01
1.396909969886459e-03	6.027640e-01	1.060980e+00	6.031062e-01
1.407373139529316e-03	5.490637e-01	1.003202e+00	5.494556e-01
1.417836309172172e-03	4.933647e-01	9.423904e-01	4.938007e-01
1.428299478815030e-03	4.356670e-01	8.785444e-01	4.361416e-01
1.438762648457886e-03	3.759707e-01	8.116644e-01	3.764782e-01
1.449225818100743e-03	3.142758e-01	7.417505e-01	3.148106e-01
1.459688987743600e-03	2.505822e-01	6.688026e-01	2.511387e-01
1.474337425243600e-03	1.605449e-01	5.586818e-01	1.610942e-01
1.479220237743600e-03	1.301925e-01	5.188401e-01	1.307215e-01
1.484103050243600e-03	9.971748e-02	4.762293e-01	1.002047e-01
1.488985862743600e-03	6.914864e-02	4.287683e-01	6.954449e-02
1.493868675243600e-03	3.851472e-02	3.733872e-01	3.870669e-02
1.496662677978488e-03	2.096748e-02	3.334556e-01	2.087234e-02
1.498814595268433e-03	7.448049e-03	2.924065e-01	6.873319e-03
1.500331851102654e-03	-2.085080e-03	2.513077e-01	-3.345759e-03
1.501901996388754e-03	-1.195031e-02	1.876351e-01	-1.448157e-02
1.503511598147287e-03	-2.206223e-02	9.089030e-02	-2.650079e-02
1.504934193978440e-03	-3.099749e-02	-2.996222e-02	-3.738444e-02
1.506325340539008e-03	-3.973283e-02	-1.801412e-01	-4.761816e-02
1.506941941208425e-03	-4.360367e-02	-2.568479e-01	-5.124268e-02
1.507257619584627e-03	-4.558517e-02	-2.988471e-01	-5.200741e-02
1.507476653951784e-03	-4.695993e-02	-3.280838e-01	-5.126406e-02
1.507711239761754e-03	-4.843219e-02	-3.583620e-01	-4.858184e-02
1.507952030780235e-03	-4.994330e-02	-3.874490e-01	-4.347920e-02
1.508173015829261e-03	-5.133001e-02	-4.113958e-01	-3.642128e-02
1.508434466208138e-03	-5.297051e-02	-4.358746e-01	-2.570281e-02
1.508671277055716e-03	-5.445629e-02	-4.545847e-01	-1.475633e-02
1.508875318919017e-03	-5.573637e-02	-4.679590e-01	-5.086187e-03
1.509095799187221e-03	-5.711948e-02	-4.799973e-01	4.863107e-03
1.509315409482657e-03	-5.849703e-02	-4.899163e-01	1.370100e-02
1.509645227704383e-03	-6.056567e-02	-5.021292e-01	2.488798e-02
1.509973598285862e-03	-6.262496e-02	-5.121300e-01	3.375034e-02
1.510363687730437e-03	-6.507096e-02	-5.219876e-01	4.168284e-02
1.510789777002590e-03	-6.774225e-02	-5.312777e-01	4.812848e-02
1.511270602472854e-03	-7.075611e-02	-5.406750e-01	5.362724e-02
1.511733584153223e-03	-7.365752e-02	-5.490983e-01	5.786854e-02
1.512201750217315e-03	-7.659078e-02	-5.572336e-01	6.154301e-02
1.513422126887790e-03	-8.423378e-02	-5.775611e-01	7.001058e-02
1.517862671347523e-03	-1.120492e-01	-6.456879e-01	9.849399e-02
1.522303215807256e-03	-1.397250e-01	-7.120841e-01	1.267328e-01
1.526743760266989e-03	-1.672611e-01	-7.767500e-01	1.547269e-01
1.531184304726722e-03	-1.946575e-01	-8.396853e-01	1.824764e-01
1.535624849186455e-03	-2.219143e-01	-9.008902e-01	2.099812e-01
1.540065393646188e-03	-2.490314e-01	-9.603647e-01	2.372414e-01
1.544505938105921e-03	-2.760088e-01	-1.018109e+00	2.642569e-01
1.555666652391635e-03	-3.434322e-01	-1.162269e+00	3.320454e-01
1.566827366677349e-03	-4.084047e-01	-1.300503e+00	3.974122e-01
1.577988080963063e-03	-4.709263e-01	-1.432811e+00	4.603572e-01
1.589148795248777e-03	-5.309969e-01	-1.559195e+00	5.208806e-01
1.600309509534491e-03	-5.886167e-01	-1.679652e+00	5.789822e-01
1.611470223820205e-03	-6.437855e-01	-1.794184e+00	6.346621e-01
1.622630938105919e-03	-6.965033e-01	-1.902790e+00	6.879203e-01
1.641464643463062e-03	-7.780890e-01	-2.071047e+00	7.705564e-01
1.660298348820204e-03	-8.469129e-01	-2.213024e+00	8.404910e-01
1.679132054177346e-03	-9.029751e-01	-2.328720e+00	8.977243e-01
1.697965759534489e-03	-9.462755e-01	-2.418136e+00	9.422561e-01
1.716799464891631e-03	-9.768141e-01	-2.481271e+00	9.740866e-01
1.735633170248774e-03	-9.945910e-01	-2.518126e+00	9.932157e-01
1.754466875605916e-03	-9.996062e-01	-2.528699e+00	9.996434e-01
1.772603036320202e-03	-9.885901e-01	-2.506924e+00	9.899874e-01
1.790739197034487e-03	-9.659322e-01	-2.461106e+00	9.686388e-01
1.808875357748772e-03	-9.316325e-01	-2.391245e+00	9.355979e-01
1.827011518463058e-03	-8.856911e-01	-2.297340e+00	8.908645e-01
1.845147679177343e-03	-8.281078e-01	-2.179393e+00	8.344387e-01
1.863283839891628e-03	-7.588828e-01	-2.037402e+00	7.663205e-01
1.881420000605914e-03	-6.780160e-01	-1.871368e+00	6.865098e-01
1.892580714891627e-03	-6.241065e-01	-1.760732e+00	6.331730e-01
1.903741429177342e-03	-5.678545e-01	-1.644303e+00	5.774669e-01
1.914902143463056e-03	-5.092601e-01	-1.522081e+00	5.193915e-01
1.926062857748770e-03	-4.483232e-01	-1.394065e+00	4.589468e-01
1.937223572034484e-03	-3.850439e-01	-1.260256e+00	3.961328e-01
1.948384286320198e-03	-3.194221e-01	-1.120654e+00	3.309496e-01
1.959545000605912e-03	-2.514579e-01	-9.752577e-01	2.633970e-01
1.974193438105912e-03	-1.614378e-01	-7.758125e-01	1.740716e-01
1.983959063105912e-03	-1.006176e-01	-6.336164e-01	1.140550e-01
1.988841875605911e-03	-7.005114e-02	-5.567710e-01	8.430234e-02
1.993724688105911e-03	-3.941873e-02	-4.717777e-01	5.538924e-02
1.997543349944447e-03	-1.543497e-02	-3.943584e-01	3.447811e-02
1.999531940489668e-03	-2.940900e-03	-3.440361e-01	2.575486e-02
2.000949356043874e-03	5.964945e-03	-2.972070e-01	2.225259e-02
2.002105731706328e-03	1.323032e-02	-2.465134e-01	2.248649e-02
2.003195595892869e-03	2.007717e-02	-1.848600e-01	2.581177e-02
2.003872686392990e-03	2.433041e-02	-1.367469e-01	2.949162e-02
2.004677919859188e-03	2.938800e-02	-6.497489e-02	3.513277e-02
2.006160212222392e-03	3.869609e-02	9.360583e-02	4.644137e-02
2.007142622968046e-03	4.486336e-02	2.133314e-01	5.383603e-02
2.007641469073208e-03	4.799432e-02	2.772202e-01	5.698784e-02
2.008036350077539e-03	5.047242e-02	3.245580e-01	5.855236e-02
2.008301975056561e-03	5.213920e-02	3.517746e-01	5.890028e-02
2.008471877022241e-03	5.320524e-02	3.655338e-01	5.878887e-02
2.008713068244002e-03	5.471848e-02	3.803053e-01	5.849732e-02
2.008942138310339e-03	5.615555e-02	3.906964e-01	5.838704e-02
2.009143909803026e-03	5.742128e-02	3.972070e-01	5.859455e-02
2.009387758285631e-03	5.895083e-02	4.029587e-01	5.924924e-02
2.009614407897795e-03	6.037237e-02	4.070954e-01	6.016499e-02
2.009853929712331e-03	6.187452e-02	4.106682e-01	6.136348e-02
2.010087752729059e-03	6.334079e-02	4.137217e-01	6.266673e-02
2.010356910832163e-03	6.502847e-02	4.169425e-01	6.425586e-02
2.010669333662778e-03	6.698720e-02	4.204795e-01	6.615611e-02
2.011562560374580e-03	7.258582e-02	4.300674e-01	7.169187e-02
2.013439067348985e-03	8.433984e-02	4.489574e-01	8.338825e-02
2.015576696728834e-03	9.771510e-02	4.690801e-01	9.671395e-02
2.019851955488533e-03	1.244103e-01	5.069280e-01	1.233357e-01
2.029617580488533e-03	1.850205e-01	5.862868e-01	1.838636e-01
2.044266017988532e-03	2.745595e-01	6.941597e-01	2.733513e-01
2.055426732274246e-03	3.420162e-01	7.707962e-01	3.407943e-01
2.066587446559960e-03	4.070283e-01	8.439609e-01	4.058000e-01
2.077748160845674e-03	4.695959e-01	9.136540e-01	4.683683e-01
2.088908875131389e-03	5.297190e-01	9.798753e-01	5.284994e-01
2.100069589417103e-03	5.873975e-01	1.042625e+00	5.861931e-01
2.111230303702817e-03	6.426315e-01	1.101903e+00	6.414495e-01
2.122391017988531e-03	6.954209e-01	1.157709e+00	6.942686e-01
2.141224723345673e-03	7.771436e-01	1.244218e+00	7.760528e-01
2.160058428702816e-03	8.461123e-01	1.317198e+00	8.450926e-01
2.178892134059958e-03	9.023272e-01	1.376651e+00	9.013880e-01
2.197725839417101e-03	9.457881e-01	1.422575e+00	9.449390e-01
2.216559544774243e-03	9.764951e-01	1.454972e+00	9.757456e-01
2.235393250131386e-03	9.944481e-01	1.473841e+00	9.938077e-01
2.254226955488528e-03	9.996473e-01	1.479182e+00	9.991254e-01
2.272363116202813e-03	9.888074e-01	1.468212e+00	9.884038e-01
2.290499276917099e-03	9.663178e-01	1.444843e+00	9.660302e-01
2.308635437631384e-03	9.321784e-01	1.409075e+00	9.320046e-01
2.326771598345669e-03	8.863893e-01	1.360910e+00	8.863271e-01
2.344907759059954e-03	8.289504e-01	1.300346e+00	8.289975e-01
2.363043919774240e-03	7.598617e-01	1.227384e+00	7.600160e-01
2.381180080488525e-03	6.791233e-01	1.142024e+00	6.793824e-01
2.392340794774239e-03	6.252834e-01	1.085196e+00	6.256032e-01
2.403501509059953e-03	5.690946e-01	1.024907e+00	5.694690e-01
2.414662223345667e-03	5.105568e-01	9.611575e-01	5.109797e-01
2.425822937631382e-03	4.496702e-01	8.939475e-01	4.501355e-01
2.436983651917096e-03	3.864346e-01	8.232771e-01	3.869362e-01
2.448144366202810e-03	3.208501e-01	7.491460e-01	3.213820e-01
2.459305080488524e-03	2.529166e-01	6.715545e-01	2.534727e-01
2.473953517988523e-03	1.629253e-01	5.617273e-01	1.634756e-01
2.478836330488523e-03	1.325837e-01	5.220566e-01	1.331149e-01
2.483719142988523e-03	1.021173e-01	4.797155e-01	1.026090e-01
2.488601955488523e-03	7.155482e-02	4.327705e-01	7.196114e-02
2.493484767988523e-03	4.092498e-02	3.782789e-01	4.114211e-02
2.496423687436673e-03	2.246874e-02	3.373270e-01	2.240868e-02
2.498618668242157e-03	8.679055e-03	2.968040e-01	8.166352e-03
2.500171887842221e-03	-1.080003e-03	2.564316e-01	-2.246448e-03
2.501720678329553e-03	-1.081113e-02	1.964726e-01	-1.316231e-02
2.503326978254477e-03	-2.090250e-02	1.044296e-01	-2.509277e-02
2.504716920774287e-03	-2.963295e-02	-8.593567e-03	-3.573732e-02
2.506092941562936e-03	-3.827373e-02	-1.517008e-01	-4.612795e-02
2.506700905250232e-03	-4.209059e-02	-2.252794e-01	-5.020040e-02
2.507053827241452e-03	-4.430600e-02	-2.716184e-01	-5.185309e-02
2.507275808864127e-03	-4.569933e-02	-3.014387e-01	-5.210864e-02
2.507488135704732e-03	-4.703199e-02	-3.297575e-01	-5.120425e-02
2.507718113480221e-03	-4.847533e-02	-3.593912e-01	-4.848516e-02
2.507949070111487e-03	-4.992472e-02	-3.872937e-01	-4.357622e-02
2.508158391805211e-03	-5.123824e-02	-4.101403e-01	-3.697813e-02
2.508392504209991e-03	-5.270723e-02	-4.323990e-01	-2.752278e-02
2.508635356818798e-03	-5.423093e-02	-4.520420e-01	-1.639117e-02
2.508840625255623e-03	-5.551873e-02	-4.659099e-01	-6.654424e-03
2.509057424113508e-03	-5.687876e-02	-4.781097e-01	3.247705e-03
2.509272214962899e-03	-5.822609e-02	-4.881232e-01	1.208756e-02
2.509589612456716e-03	-6.021686e-02	-5.002649e-01	2.320343e-02
2.509915923216222e-03	-6.226328e-02	-5.105266e-01	3.238648e-02
2.510289184066315e-03	-6.460383e-02	-5.202314e-01	4.035417e-02
2.510720397596537e-03	-6.730732e-02	-5.298398e-01	4.720117e-02
2.511188312860309e-03	-7.024036e-02	-5.391225e-01	5.278130e-02
2.511678529621711e-03	-7.331254e-02	-5.481195e-01	5.740246e-02
2.512123243723029e-03	-7.609895e-02	-5.558905e-01	6.095928e-02
2.513305198389339e-03	-8.350168e-02	-5.756490e-01	6.923153e-02
2.517680244698446e-03	-1.109078e-01	-6.429182e-01	9.731951e-02
2.522055291007553e-03	-1.381800e-01	-7.084743e-01	1.251652e-01
2.526430337316660e-03	-1.653183e-01	-7.723173e-01	1.527686e-01
2.530805383625767e-03	-1.923226e-01	-8.344473e-01	1.801297e-01
2.535180429934874e-03	-2.191930e-01	-8.948641e-01	2.072485e-01
2.539555476243982e-03	-2.459294e-01	-9.535679e-01	2.341250e-01
2.543930522553089e-03	-2.725320e-01	-1.010559e+00	2.607593e-01
2.555091236838803e-03	-3.400349e-01	-1.154984e+00	3.286273e-01
2.566251951124517e-03	-4.051022e-01	-1.293499e+00	3.940885e-01
2.577412665410231e-03	-4.677339e-01	-1.426103e+00	4.571429e-01
2.588573379695945e-03	-5.279300e-01	-1.552796e+00	5.177904e-01
2.599734093981659e-03	-5.856904e-01	-1.673579e+00	5.760312e-01
2.610894808267373e-03	-6.410153e-01	-1.788450e+00	6.318651e-01
2.622055522553087e-03	-6.939046e-01	-1.897411e+00	6.852922e-01
2.640889227910229e-03	-7.758185e-01	-2.066357e+00	7.682533e-01
2.659722933267372e-03	-8.449896e-01	-2.209057e+00	8.385323e-01
2.678556638624514e-03	-9.014177e-01	-2.325512e+00	8.961293e-01
2.697390343981657e-03	-9.451029e-01	-2.415721e+00	9.410442e-01
2.716224049338799e-03	-9.760452e-01	-2.479685e+00	9.732770e-01
2.735057754695942e-03	-9.942446e-01	-2.517404e+00	9.928277e-01
2.753891460053084e-03	-9.997011e-01	-2.528877e+00	9.996964e-01
2.772027620767370e-03	-9.891077e-01	-2.507964e+00	9.904632e-01
2.790163781481655e-03	-9.668534e-01	-2.462972e+00	9.695189e-01
2.808299942195940e-03	-9.329383e-01	-2.393902e+00	9.368636e-01
2.826436102910225e-03	-8.873623e-01	-2.300754e+00	8.924973e-01
2.844572263624511e-03	-8.301254e-01	-2.183527e+00	8.364198e-01
2.862708424338796e-03	-7.612277e-01	-2.042221e+00	7.686314e-01
2.880844585053082e-03	-6.806691e-01	-1.876837e+00	6.891319e-01
2.892005299338796e-03	-6.269267e-01	-1.766549e+00	6.359645e-01
2.903166013624509e-03	-5.708264e-01	-1.650453e+00	5.804120e-01
2.914326727910223e-03	-5.123682e-01	-1.528550e+00	5.224743e-01
2.925487442195938e-03	-4.515519e-01	-1.400838e+00	4.621513e-01
2.936648156481652e-03	-3.883778e-01	-1.267319e+00	3.994432e-01
2.947808870767366e-03	-3.228456e-01	-1.127993e+00	3.343499e-01
2.958969585053080e-03	-2.549555e-01	-9.828588e-01	2.668714e-01
2.973618022553080e-03	-1.650048e-01	-7.839011e-01	1.776047e-01
2.983383647553079e-03	-1.042141e-01	-6.423289e-01	1.175849e-01
2.988266460053079e-03	-7.365724e-02	-5.661548e-01	8.778309e-02
2.993149272553079e-03	-4.303110e-02	-4.822167e-01	5.873446e-02
2.997333757424904e-03	-1.675171e-02	-3.990083e-01	3.552114e-02
2.999377531441901e-03	-3.911075e-03	-3.483852e-01	2.632329e-02
3.000870761491469e-03	5.471129e-03	-3.001094e-01	2.236894e-02
3.002023602291373e-03	1.271433e-02	-2.501374e-01	2.243953e-02
3.003236448715195e-03	2.033381e-02	-1.815154e-01	2.609750e-02
3.003953467664577e-03	2.483782e-02	-1.300844e-01	3.002221e-02
3.004768982206552e-03	2.995992e-02	-5.641229e-02	3.579250e-02
3.006209749742353e-03	3.900711e-02	9.894282e-02	4.683413e-02
3.007087551992444e-03	4.451768e-02	2.063322e-01	5.347908e-02
3.007577664019192e-03	4.759388e-02	2.695843e-01	5.666957e-02
3.007968645214752e-03	5.004756e-02	3.170350e-01	5.833302e-02
3.008297188307620e-03	5.210916e-02	3.513343e-01	5.885926e-02
3.008470068855615e-03	5.319389e-02	3.656859e-01	5.877204e-02
3.008673809071337e-03	5.447217e-02	3.785171e-01	5.850859e-02
3.008885877982161e-03	5.580262e-02	3.886248e-01	5.835687e-02
3.009082110655537e-03	5.703362e-02	3.954613e-01	5.848400e-02
3.009319224485487e-03	5.852096e-02	4.015189e-01	5.902208e-02
3.009549342376634e-03	5.996430e-02	4.060014e-01	5.987646e-02
3.009797237454609e-03	6.151899e-02	4.098743e-01	6.106367e-02
3.010023093190818e-03	6.293533e-02	4.129112e-01	6.229530e-02
3.010287057054366e-03	6.459049e-02	4.161268e-01	6.383719e-02
3.010579750711152e-03	6.642559e-02	4.194813e-01	6.560717e-02
3.011424469495991e-03	7.172043e-02	4.286174e-01	7.083248e-02
3.013070374336176e-03	8.203130e-02	4.453484e-01	8.108940e-02
3.014932199536147e-03	9.368419e-02	4.631375e-01	9.269724e-02
3.018477677952578e-03	1.158380e-01	4.950551e-01	1.147842e-01
3.023360490452578e-03	1.462518e-01	5.364196e-01	1.451379e-01
3.033126115452578e-03	2.066380e-01	6.130659e-01	2.054642e-01
3.047774552952577e-03	2.956887e-01	7.187090e-01	2.944737e-01
3.059632811881149e-03	3.668679e-01	7.988903e-01	3.656425e-01
3.071491070809720e-03	4.351130e-01	8.751203e-01	4.338848e-01
3.083349329738291e-03	5.004238e-01	9.473988e-01	4.992004e-01
3.095207588666862e-03	5.628004e-01	1.015726e+00	5.615894e-01
3.107065847595434e-03	6.222427e-01	1.080102e+00	6.210518e-01
3.118924106524004e-03	6.787509e-01	1.140526e+00	6.775875e-01
3.130782365452576e-03	7.323248e-01	1.196999e+00	7.311966e-01
3.151708704738289e-03	8.171926e-01	1.286600e+00	8.161415e-01
3.172635044024003e-03	8.858204e-01	1.359068e+00	8.848565e-01
3.193561383309717e-03	9.382083e-01	1.414402e+00	9.373416e-01
3.214487722595431e-03	9.743562e-01	1.452603e+00	9.735969e-01
3.235414061881145e-03	9.942642e-01	1.473671e+00	9.936223e-01
3.256340401166859e-03	9.979322e-01	1.477605e+00	9.974179e-01
3.277266740452573e-03	9.853603e-01	1.464406e+00	9.849836e-01
3.294007811881144e-03	9.606522e-01	1.438938e+00	9.603863e-01
3.310748883309715e-03	9.265732e-01	1.403375e+00	9.264146e-01
3.327489954738286e-03	8.831231e-01	1.357718e+00	8.830685e-01
3.344231026166857e-03	8.303021e-01	1.301967e+00	8.303480e-01
3.360972097595428e-03	7.681101e-01	1.236122e+00	7.682532e-01
3.377713169023999e-03	6.965470e-01	1.160183e+00	6.967841e-01
3.394454240452570e-03	6.156130e-01	1.074149e+00	6.159406e-01
3.404917410095427e-03	5.618791e-01	1.017220e+00	5.622607e-01
3.415380579738284e-03	5.063406e-01	9.571651e-01	5.067693e-01
3.425843749381141e-03	4.489975e-01	8.939835e-01	4.494662e-01
3.436306919023998e-03	3.898497e-01	8.276755e-01	3.903515e-01
3.446770088666855e-03	3.288973e-01	7.582412e-01	3.294253e-01
3.457233258309711e-03	2.661403e-01	6.856805e-01	2.666874e-01
3.467696427952568e-03	2.015786e-01	6.099935e-01	2.021379e-01
3.477462052952568e-03	1.411373e-01	5.334430e-01	1.416754e-01
3.482344865452568e-03	1.107031e-01	4.919823e-01	1.112089e-01
3.487227677952568e-03	8.016475e-02	4.466515e-01	8.060279e-02
3.492110490452568e-03	4.955095e-02	3.948500e-01	4.984147e-02
3.495619608344614e-03	2.751934e-02	3.496046e-01	2.755977e-02
3.497969893637497e-03	1.275519e-02	3.102585e-01	1.241621e-02
3.499680350582605e-03	2.008415e-03	2.708457e-01	1.094871e-03
3.501190251810552e-03	-7.478503e-03	2.197028e-01	-9.358082e-03
3.502822430015790e-03	-1.773292e-02	1.381205e-01	-2.127579e-02
3.504146972193430e-03	-2.605325e-02	4.176242e-02	-3.135353e-02
3.505703056018280e-03	-3.582569e-02	-1.069775e-01	-4.331168e-02
3.506356652656225e-03	-3.992941e-02	-1.815851e-01	-4.807850e-02
3.506796468448675e-03	-4.269049e-02	-2.375013e-01	-5.082872e-02
3.507055899306544e-03	-4.431900e-02	-2.719085e-01	-5.194089e-02
3.507263060302476e-03	-4.561932e-02	-2.997640e-01	-5.208647e-02
3.507519391157790e-03	-4.722815e-02	-3.338348e-01	-5.081604e-02
3.507768293319935e-03	-4.879025e-02	-3.656053e-01	-4.753296e-02
3.508003265253667e-03	-5.026481e-02	-3.934675e-01	-4.204147e-02
3.508209418999785e-03	-5.155843e-02	-4.152829e-01	-3.506392e-02
3.508461079734061e-03	-5.313749e-02	-4.382293e-01	-2.445059e-02
3.508705191027756e-03	-5.466906e-02	-4.569943e-01	-1.307088e-02
3.508912832810406e-03	-5.597172e-02	-4.701852e-01	-3.287356e-03
3.509146197850311e-03	-5.743563e-02	-4.824616e-01	7.058821e-03
3.509371428900795e-03	-5.884840e-02	-4.922450e-01	1.585848e-02
3.509701150890256e-03	-6.091639e-02	-5.040208e-01	2.663217e-02
3.510012637689830e-03	-6.286976e-02	-5.132245e-01	3.469990e-02
3.510418642121720e-03	-6.541552e-02	-5.232487e-01	4.261992e-02
3.510849936556502e-03	-6.811937e-02	-5.325080e-01	4.891033e-02
3.511326946493342e-03	-7.110924e-02	-5.417319e-01	5.419675e-02
3.511775079090670e-03	-7.391752e-02	-5.498329e-01	5.821525e-02
3.512256068662090e-03	-7.693106e-02	-5.581597e-01	6.194338e-02
3.513521214990437e-03	-8.485414e-02	-5.791783e-01	7.066883e-02
3.518039305400101e-03	-1.131550e-01	-6.483465e-01	9.962746e-02
3.522557395809765e-03	-1.413094e-01	-7.157603e-01	1.283373e-01
3.527075486219429e-03	-1.693172e-01	-7.814197e-01	1.567983e-01
3.531593576629092e-03	-1.971785e-01	-8.453247e-01	1.850105e-01
3.536111667038756e-03	-2.248932e-01	-9.074753e-01	2.129739e-01
3.540629757448420e-03	-2.524614e-01	-9.678715e-01	2.406885e-01
3.545147847858084e-03	-2.798831e-01	-1.026513e+00	2.681543e-01
3.556308562143798e-03	-3.472168e-01	-1.170377e+00	3.358531e-01
3.567469276429512e-03	-4.120825e-01	-1.308298e+00	4.011136e-01
3.578629990715226e-03	-4.744803e-01	-1.440277e+00	4.639358e-01
3.589790705000940e-03	-5.344101e-01	-1.566314e+00	5.243197e-01
3.600951419286654e-03	-5.918720e-01	-1.686407e+00	5.822653e-01
3.612112133572368e-03	-6.468659e-01	-1.800559e+00	6.377726e-01
3.623272847858082e-03	-6.993918e-01	-1.908768e+00	6.908416e-01
3.642106553215224e-03	-7.806099e-01	-2.076255e+00	7.731137e-01
3.660940258572367e-03	-8.490455e-01	-2.217423e+00	8.426631e-01
3.679773963929509e-03	-9.046985e-01	-2.332271e+00	8.994897e-01
3.698607669286652e-03	-9.475690e-01	-2.420800e+00	9.435936e-01
3.717441374643794e-03	-9.776568e-01	-2.483009e+00	9.749748e-01
3.736275080000937e-03	-9.949621e-01	-2.518899e+00	9.936333e-01
3.755108785358079e-03	-9.994848e-01	-2.528470e+00	9.995691e-01
3.773244946072365e-03	-9.879974e-01	-2.505734e+00	9.894413e-01
3.791381106786650e-03	-9.648897e-01	-2.458994e+00	9.676421e-01
3.809517267500936e-03	-9.301616e-01	-2.388251e+00	9.341715e-01
3.827653428215221e-03	-8.838132e-01	-2.293505e+00	8.890294e-01
3.845789588929506e-03	-8.258444e-01	-2.174755e+00	8.322158e-01
3.863925749643791e-03	-7.562553e-01	-2.032001e+00	7.637308e-01
3.882061910358077e-03	-6.750458e-01	-1.865244e+00	6.835743e-01
3.891129990715220e-03	-6.315484e-01	-1.775724e+00	6.405499e-01
3.900198071072362e-03	-5.863838e-01	-1.682275e+00	5.958370e-01
3.909266151429505e-03	-5.395520e-01	-1.584897e+00	5.494358e-01
3.918334231786648e-03	-4.910529e-01	-1.483590e+00	5.013461e-01
3.927402312143790e-03	-4.408867e-01	-1.378354e+00	4.515680e-01
3.936470392500933e-03	-3.890533e-01	-1.269189e+00	4.001015e-01
3.945538472858076e-03	-3.355527e-01	-1.156095e+00	3.469466e-01
3.950421285358076e-03	-3.064985e-01	-1.094019e+00	3.180797e-01
3.955304097858076e-03	-2.770853e-01	-1.031531e+00	2.888067e-01
3.960186910358075e-03	-2.474816e-01	-9.674826e-01	2.593885e-01
3.965069722858075e-03	-2.176873e-01	-9.018735e-01	2.298252e-01
3.969952535358075e-03	-1.877024e-01	-8.347036e-01	2.001167e-01
3.974835347858075e-03	-1.575269e-01	-7.659730e-01	1.702631e-01
3.979718160358075e-03	-1.271608e-01	-6.956816e-01	1.402643e-01
3.984600972858075e-03	-9.660405e-02	-6.238295e-01	1.101203e-01
3.989483785358075e-03	-6.602725e-02	-5.461634e-01	8.043285e-02
3.994366597858075e-03	-3.538832e-02	-4.598819e-01	5.169298e-02
3.997774977938569e-03	-1.397977e-02	-3.891416e-01	3.334394e-02
3.999705396355397e-03	-1.851048e-03	-3.390081e-01	2.515399e-02
4.001045726823903e-03	6.570448e-03	-2.935629e-01	2.213028e-02
4.002204367003493e-03	1.385000e-02	-2.415826e-01	2.265638e-02
4.003257368474927e-03	2.046522e-02	-1.808635e-01	2.609514e-02
4.003927659537589e-03	2.467571e-02	-1.324606e-01	2.983922e-02
4.004737342306230e-03	2.976120e-02	-6.081050e-02	3.553858e-02
4.005843550818439e-03	3.670786e-02	5.644175e-02	4.395588e-02
4.007159988312167e-03	4.497236e-02	2.155980e-01	5.391560e-02
4.007660691720307e-03	4.811496e-02	2.789942e-01	5.707835e-02
4.008067038282077e-03	5.066499e-02	3.275269e-01	5.865620e-02
4.008305697346648e-03	5.216255e-02	3.517929e-01	5.894148e-02
4.008482139734071e-03	5.326963e-02	3.659681e-01	5.881194e-02
4.008720007675980e-03	5.476202e-02	3.804896e-01	5.852631e-02
4.008950958436836e-03	5.621089e-02	3.909050e-01	5.841891e-02
4.009152456905699e-03	5.747489e-02	3.973773e-01	5.863008e-02
4.009394306770443e-03	5.899190e-02	4.030537e-01	5.928477e-02
4.009623784860446e-03	6.043118e-02	4.072258e-01	6.021582e-02
4.009861722252779e-03	6.192338e-02	4.107661e-01	6.140874e-02
4.010096103234386e-03	6.339315e-02	4.138202e-01	6.271689e-02
4.010366174374190e-03	6.508655e-02	4.170479e-01	6.431241e-02
4.010677982626638e-03	6.704142e-02	4.205746e-01	6.620957e-02
4.011573214249825e-03	7.265259e-02	4.301787e-01	7.175820e-02
4.013452475489927e-03	8.442379e-02	4.490844e-01	8.347183e-02
4.015687341331071e-03	9.840695e-02	4.700834e-01	9.740338e-02
4.020042838617183e-03	1.256003e-01	5.085618e-01	1.245230e-01
4.029808463617183e-03	1.861990e-01	5.877627e-01	1.850411e-01
4.044456901117183e-03	2.757126e-01	6.955062e-01	2.745039e-01
4.055617615402897e-03	3.431428e-01	7.720814e-01	3.419207e-01
4.066778329688611e-03	4.081235e-01	8.451850e-01	4.068950e-01
4.077939043974325e-03	4.706545e-01	9.148169e-01	4.694270e-01
4.089099758260039e-03	5.307358e-01	9.809772e-01	5.295165e-01
4.100260472545753e-03	5.883676e-01	1.043666e+00	5.871636e-01
4.111421186831467e-03	6.435497e-01	1.102883e+00	6.423682e-01
4.122581901117181e-03	6.962823e-01	1.158628e+00	6.951305e-01
4.142113151117181e-03	7.807960e-01	1.248064e+00	7.797088e-01
4.161644401117180e-03	8.515200e-01	1.322886e+00	8.505074e-01
4.181175651117180e-03	9.084542e-01	1.383096e+00	9.075261e-01
4.200706901117179e-03	9.515986e-01	1.428692e+00	9.507650e-01
4.220238151117179e-03	9.809532e-01	1.459676e+00	9.802241e-01
4.239769401117179e-03	9.965180e-01	1.476045e+00	9.959033e-01
4.259300651117178e-03	9.982930e-01	1.477802e+00	9.978027e-01
4.277436811831463e-03	9.837326e-01	1.462967e+00	9.833613e-01
4.295572972545749e-03	9.576966e-01	1.435882e+00	9.574415e-01
4.313709133260034e-03	9.201850e-01	1.396546e+00	9.200435e-01
4.331845293974320e-03	8.711977e-01	1.344961e+00	8.711671e-01
4.349981454688605e-03	8.107348e-01	1.281125e+00	8.108124e-01
4.368117615402890e-03	7.387964e-01	1.205039e+00	7.389794e-01
4.386253776117175e-03	6.553823e-01	1.116703e+00	6.556681e-01
4.396716945760032e-03	6.037312e-01	1.062014e+00	6.040724e-01
4.407180115402890e-03	5.500768e-01	1.004292e+00	5.504678e-01
4.417643285045746e-03	4.944192e-01	9.435372e-01	4.948544e-01
4.428106454688603e-03	4.367583e-01	8.797491e-01	4.372322e-01
4.438569624331460e-03	3.770942e-01	8.129281e-01	3.776011e-01
4.449032793974317e-03	3.154268e-01	7.430740e-01	3.159611e-01
4.459495963617174e-03	2.517561e-01	6.701869e-01	2.523124e-01
4.474144401117174e-03	1.617419e-01	5.602144e-01	1.622917e-01
4.479027213617173e-03	1.313948e-01	5.204594e-01	1.319250e-01
4.483910026117173e-03	1.009242e-01	4.779856e-01	1.014137e-01
4.488792838617173e-03	7.035849e-02	4.307880e-01	7.075971e-02
4.493675651117173e-03	3.972660e-02	3.758633e-01	3.993152e-02
4.496541365971889e-03	2.172953e-02	3.354342e-01	2.165252e-02
4.498715477158080e-03	8.070807e-03	2.946526e-01	7.528089e-03
4.500249956204687e-03	-1.570520e-03	2.539592e-01	-2.782181e-03
4.501808979946564e-03	-1.136591e-02	1.922263e-01	-1.380366e-02
4.503416377020208e-03	-2.146408e-02	9.795273e-02	-2.577399e-02
4.504821776786812e-03	-3.029148e-02	-1.869558e-02	-3.653743e-02
4.506189690327575e-03	-3.888117e-02	-1.633913e-01	-4.677585e-02
4.506798224858058e-03	-4.270152e-02	-2.379596e-01	-5.068522e-02
4.507132612727385e-03	-4.480053e-02	-2.821550e-01	-5.200252e-02
4.507350859727176e-03	-4.617039e-02	-3.114300e-01	-5.185892e-02
4.507608347826349e-03	-4.778645e-02	-3.453317e-01	-4.995896e-02
4.507840878568072e-03	-4.924577e-02	-3.745019e-01	-4.621862e-02
4.508046504543652e-03	-5.053614e-02	-3.982828e-01	-4.082204e-02
4.508255599782454e-03	-5.184821e-02	-4.198071e-01	-3.330473e-02
4.508496140307808e-03	-5.335747e-02	-4.410396e-01	-2.288620e-02
4.508766827508003e-03	-5.505575e-02	-4.610093e-01	-1.017385e-02
4.508982962057146e-03	-5.641165e-02	-4.741404e-01	-9.359755e-05
4.509199704401384e-03	-5.777127e-02	-4.849864e-01	9.279110e-03
4.509431897234489e-03	-5.922768e-02	-4.946274e-01	1.804907e-02
4.509748461740209e-03	-6.121310e-02	-5.055128e-01	2.797259e-02
4.510084032710059e-03	-6.331746e-02	-5.150986e-01	3.625563e-02
4.510489122097120e-03	-6.585740e-02	-5.248429e-01	4.377432e-02
4.510930644069757e-03	-6.862529e-02	-5.341218e-01	4.989213e-02
4.511411554564200e-03	-7.163949e-02	-5.432953e-01	5.501069e-02
4.511845645762232e-03	-7.435969e-02	-5.510734e-01	5.879050e-02
4.512906194063714e-03	-8.100316e-02	-5.690745e-01	6.653479e-02
4.515886319846420e-03	-9.965102e-02	-6.167777e-01	8.602943e-02
4.526352612138335e-03	-1.648228e-01	-7.711980e-01	1.522414e-01
4.541001049638334e-03	-2.547771e-01	-9.718753e-01	2.428961e-01
4.552161763924049e-03	-3.226710e-01	-1.117664e+00	3.111569e-01
4.563322478209762e-03	-3.882077e-01	-1.257611e+00	3.770868e-01
4.574483192495477e-03	-4.513873e-01	-1.391717e+00	4.406858e-01
4.585643906781190e-03	-5.122097e-01	-1.519982e+00	5.019540e-01
4.596804621066905e-03	-5.706749e-01	-1.642405e+00	5.608914e-01
4.607965335352618e-03	-6.267830e-01	-1.758987e+00	6.174979e-01
4.619126049638333e-03	-6.805339e-01	-1.869728e+00	6.717736e-01
4.637262210352618e-03	-7.611082e-01	-2.035992e+00	7.533357e-01
4.655398371066904e-03	-8.300227e-01	-2.178211e+00	8.232985e-01
4.673534531781189e-03	-8.872772e-01	-2.296387e+00	8.816619e-01
4.691670692495474e-03	-9.328719e-01	-2.390518e+00	9.284258e-01
4.709806853209759e-03	-9.668067e-01	-2.460605e+00	9.635903e-01
4.727943013924045e-03	-9.890816e-01	-2.506648e+00	9.871554e-01
4.746079174638330e-03	-9.996966e-01	-2.528647e+00	9.991211e-01
4.764912879995473e-03	-9.942626e-01	-2.518306e+00	9.951043e-01
4.783746585352615e-03	-9.760848e-01	-2.481686e+00	9.782940e-01
4.802580290709757e-03	-9.451631e-01	-2.418785e+00	9.486902e-01
4.821413996066900e-03	-9.014975e-01	-2.329605e+00	9.062930e-01
4.840247701424043e-03	-8.450880e-01	-2.214144e+00	8.511023e-01
4.859081406781185e-03	-7.759346e-01	-2.072404e+00	7.831181e-01
4.877915112138327e-03	-6.940374e-01	-1.904384e+00	7.023404e-01
4.889075826424042e-03	-6.411569e-01	-1.795889e+00	6.500467e-01
4.900236540709755e-03	-5.858400e-01	-1.681508e+00	5.952875e-01
4.911397254995470e-03	-5.280867e-01	-1.561242e+00	5.380628e-01
4.922557969281183e-03	-4.678969e-01	-1.435090e+00	4.783725e-01
4.933718683566898e-03	-4.052708e-01	-1.303052e+00	4.162168e-01
4.944879397852611e-03	-3.402084e-01	-1.165129e+00	3.515955e-01
4.956040112138326e-03	-2.727095e-01	-1.021319e+00	2.845087e-01
4.970688549638325e-03	-1.831299e-01	-8.247080e-01	1.955696e-01
4.980454174638325e-03	-1.225016e-01	-6.859158e-01	1.355828e-01
4.985336987138325e-03	-9.200015e-02	-6.125132e-01	1.056138e-01
4.990219799638325e-03	-6.141214e-02	-5.337960e-01	7.601736e-02
4.995102612138325e-03	-3.076634e-02	-4.457479e-01	4.752646e-02
4.998110889205310e-03	-1.186935e-02	-3.811392e-01	3.176903e-02
5.000000000000000e-03	-1.224647e-15	-3.329534e-01	2.344918e-02
