time	V(vin)	V(vo1)	V(vo2)
0.000000000000000e+00	0.000000e+00	-1.471202e-01	1.786869e-04
2.712392665838974e-08	3.408493e-04	-1.471250e-01	1.757640e-04
5.424785331677949e-08	6.816986e-04	-1.470974e-01	2.032425e-04
8.137177997516923e-08	1.022548e-03	-1.470375e-01	2.611225e-04
1.084957066335590e-07	1.363397e-03	-1.469452e-01	3.494039e-04
1.356196332919487e-07	1.704246e-03	-1.468205e-01	4.680868e-04
1.627435599503385e-07	2.045095e-03	-1.466635e-01	6.171712e-04
1.898674866087281e-07	2.385945e-03	-1.464742e-01	7.966570e-04
2.494506058831775e-07	3.134687e-03	-1.458870e-01	1.324816e-03
3.288932824986801e-07	4.132992e-03	-1.447813e-01	2.245530e-03
4.431756980628852e-07	5.569103e-03	-1.426664e-01	3.824706e-03
5.681066438194244e-07	7.139023e-03	-1.397296e-01	5.728996e-03
7.014681583028725e-07	8.814881e-03	-1.358878e-01	7.840835e-03
8.453258335884745e-07	1.062263e-02	-1.309373e-01	1.011898e-02
1.015769315356189e-06	1.276445e-02	-1.239366e-01	1.278371e-02
1.258880505533535e-06	1.581939e-02	-1.115027e-01	1.654432e-02
1.745102885888228e-06	2.192917e-02	-8.006108e-02	2.404651e-02
2.245349603616662e-06	2.821496e-02	-3.775327e-02	3.180949e-02
3.089614931581581e-06	3.882281e-02	5.644538e-02	4.500425e-02
4.154320351306936e-06	5.219880e-02	2.017556e-01	6.155006e-02
4.594682420737902e-06	5.773046e-02	2.697293e-01	6.797702e-02
4.900995101453650e-06	6.157799e-02	3.173324e-01	7.156906e-02
5.260769672229144e-06	6.609675e-02	3.679131e-01	7.443719e-02
5.397729707688807e-06	6.781687e-02	3.841205e-01	7.503249e-02
5.514275469573823e-06	6.928056e-02	3.951997e-01	7.525400e-02
5.667549395998505e-06	7.120547e-02	4.071068e-01	7.548161e-02
5.808888625403005e-06	7.298044e-02	4.158960e-01	7.580000e-02
5.966094257032682e-06	7.495459e-02	4.235208e-01	7.641811e-02
6.146904595626503e-06	7.722508e-02	4.304648e-01	7.750609e-02
6.313018526035581e-06	7.931093e-02	4.356165e-01	7.885994e-02
6.533762035922783e-06	8.208261e-02	4.413695e-01	8.104477e-02
6.738321820089578e-06	8.465096e-02	4.460910e-01	8.330989e-02
6.982731171217294e-06	8.771944e-02	4.512708e-01	8.619779e-02
7.253320685754068e-06	9.111637e-02	4.567172e-01	8.949614e-02
7.606636844161170e-06	9.555143e-02	4.635828e-01	9.386806e-02
8.715746547646356e-06	1.094706e-01	4.841690e-01	1.076945e-01
9.770993703665554e-06	1.227088e-01	5.028039e-01	1.208744e-01
1.188148801570395e-05	1.491685e-01	5.383126e-01	1.472473e-01
1.522068053731985e-05	1.909773e-01	5.916798e-01	1.889621e-01
1.922770361672257e-05	2.410351e-01	6.526654e-01	2.389420e-01
2.899332861672257e-05	3.623291e-01	7.930783e-01	3.601350e-01
4.364176611672257e-05	5.415717e-01	9.909521e-01	5.393175e-01
5.480248040243687e-05	6.766567e-01	1.135326e+00	6.743890e-01
6.596319468815116e-05	8.068858e-01	1.273806e+00	8.046170e-01
7.712390897386546e-05	9.322591e-01	1.406394e+00	9.300015e-01
8.828462325957975e-05	1.052777e+00	1.533088e+00	1.050542e+00
9.944533754529405e-05	1.168438e+00	1.653890e+00	1.166240e+00
1.106060518310083e-04	1.279244e+00	1.768798e+00	1.277094e+00
1.217667661167226e-04	1.385194e+00	1.877813e+00	1.383104e+00
1.406004714738655e-04	1.549351e+00	2.046861e+00	1.547388e+00
1.594341768310084e-04	1.688040e+00	2.189673e+00	1.686224e+00
1.782678821881513e-04	1.801263e+00	2.306251e+00	1.799612e+00
1.971015875452941e-04	1.889020e+00	2.396594e+00	1.887551e+00
2.159352929024370e-04	1.951309e+00	2.460702e+00	1.950043e+00
2.347689982595799e-04	1.988132e+00	2.498576e+00	1.987087e+00
2.536027036167227e-04	1.999488e+00	2.510215e+00	1.998683e+00
2.717388643310085e-04	1.978725e+00	2.489460e+00	1.978160e+00
2.898750250452942e-04	1.934622e+00	2.444617e+00	1.934292e+00
3.080111857595799e-04	1.867178e+00	2.375685e+00	1.867080e+00
3.261473464738657e-04	1.776393e+00	2.282665e+00	1.776522e+00
3.442835071881514e-04	1.662267e+00	2.165555e+00	1.662620e+00
3.624196679024371e-04	1.524801e+00	2.024357e+00	1.525373e+00
3.805558286167228e-04	1.363994e+00	1.859070e+00	1.364781e+00
3.917165429024372e-04	1.256678e+00	1.748839e+00	1.257588e+00
4.028772571881515e-04	1.144630e+00	1.632779e+00	1.145654e+00
4.140379714738657e-04	1.027851e+00	1.510890e+00	1.028979e+00
4.251986857595800e-04	9.063399e-01	1.383171e+00	9.075623e-01
4.363594000452944e-04	7.800977e-01	1.249623e+00	7.814048e-01
4.475201143310087e-04	6.491240e-01	1.110246e+00	6.505062e-01
4.586808286167229e-04	5.134189e-01	9.650386e-01	5.148665e-01
4.733292661167229e-04	3.335879e-01	7.657693e-01	3.350773e-01
4.782120786167229e-04	2.729407e-01	6.960226e-01	2.744259e-01
4.830948911167229e-04	2.120366e-01	6.235875e-01	2.134974e-01
4.879777036167229e-04	1.509330e-01	5.466841e-01	1.523253e-01
4.928605161167229e-04	8.968731e-02	4.620158e-01	9.090491e-02
4.962440389190183e-04	4.719442e-02	3.938773e-01	4.808699e-02
4.981782541517715e-04	2.289223e-02	3.454745e-01	2.331794e-02
4.995228372997015e-04	5.996194e-03	3.012726e-01	5.713756e-03
5.006074621115324e-04	-7.633576e-03	2.505549e-01	-9.079595e-03
5.018589504733585e-04	-2.335973e-02	1.634244e-01	-2.713177e-02
5.030310973738846e-04	-3.808759e-02	4.333242e-02	-4.490298e-02
5.041285938055113e-04	-5.187562e-02	-1.074621e-01	-6.187776e-02
5.046921645623879e-04	-5.895494e-02	-2.012489e-01	-7.031827e-02
5.050440931182026e-04	-6.337533e-02	-2.665823e-01	-7.505853e-02
5.052299131559586e-04	-6.570920e-02	-3.027389e-01	-7.703337e-02
5.053591393829062e-04	-6.733221e-02	-3.283366e-01	-7.780983e-02
5.055005825141907e-04	-6.910860e-02	-3.563123e-01	-7.770570e-02
5.056489098325315e-04	-7.097139e-02	-3.849790e-01	-7.596231e-02
5.058511474336683e-04	-7.351112e-02	-4.222286e-01	-7.055920e-02
5.060150835049832e-04	-7.556978e-02	-4.500501e-01	-6.324584e-02
5.061883548319355e-04	-7.774556e-02	-4.761617e-01	-5.240970e-02
5.063756766280671e-04	-8.009769e-02	-5.003604e-01	-3.821369e-02
5.066082683861917e-04	-8.301809e-02	-5.255296e-01	-1.901527e-02
5.067901435403850e-04	-8.530158e-02	-5.418215e-01	-4.090813e-03
5.069887653627965e-04	-8.779520e-02	-5.565769e-01	1.105380e-02
5.071850024470247e-04	-9.025874e-02	-5.688534e-01	2.412042e-02
5.074626634453468e-04	-9.374423e-02	-5.835694e-01	3.949081e-02
5.077407203682884e-04	-9.723441e-02	-5.962173e-01	5.167442e-02
5.081059266939444e-04	-1.018180e-01	-6.107113e-01	6.380509e-02
5.084967340632875e-04	-1.067224e-01	-6.247582e-01	7.372227e-02
5.088585936770039e-04	-1.112629e-01	-6.368828e-01	8.093464e-02
5.092706294314136e-04	-1.164323e-01	-6.500976e-01	8.781958e-02
5.101315514990054e-04	-1.272309e-01	-6.766775e-01	1.001803e-01
5.122054547226355e-04	-1.532360e-01	-7.375800e-01	1.270453e-01
5.142793579462656e-04	-1.792052e-01	-7.975117e-01	1.537274e-01
5.163532611698957e-04	-2.051382e-01	-8.564726e-01	1.802265e-01
5.184271643935259e-04	-2.310353e-01	-9.144626e-01	2.065428e-01
5.205010676171561e-04	-2.568963e-01	-9.714817e-01	2.326761e-01
5.225749708407862e-04	-2.827212e-01	-1.027530e+00	2.586266e-01
5.246488740644163e-04	-3.085101e-01	-1.082608e+00	2.843941e-01
5.392973115644163e-04	-4.888221e-01	-1.465235e+00	4.656554e-01
5.497604812072734e-04	-6.164470e-01	-1.730396e+00	5.938302e-01
5.602236508501306e-04	-7.401232e-01	-1.986584e+00	7.181189e-01
5.706868204929877e-04	-8.598507e-01	-2.233797e+00	8.385216e-01
5.811499901358449e-04	-9.756295e-01	-2.472037e+00	9.550383e-01
5.916131597787020e-04	-1.087460e+00	-2.701302e+00	1.067669e+00
6.020763294215593e-04	-1.195341e+00	-2.921594e+00	1.176414e+00
6.125394990644164e-04	-1.299273e+00	-3.132911e+00	1.281273e+00
6.299781151358450e-04	-1.461039e+00	-3.462052e+00	1.444814e+00
6.474167312072736e-04	-1.601806e+00	-3.748512e+00	1.587481e+00
6.648553472787021e-04	-1.721574e+00	-3.992291e+00	1.709275e+00
6.822939633501307e-04	-1.820343e+00	-4.193389e+00	1.810195e+00
6.997325794215593e-04	-1.898113e+00	-4.351806e+00	1.890241e+00
7.171711954929880e-04	-1.954884e+00	-4.467542e+00	1.949414e+00
7.346098115644165e-04	-1.990656e+00	-4.540597e+00	1.987713e+00
7.541410615644165e-04	-1.996824e+00	-4.554361e+00	1.996777e+00
7.736723115644165e-04	-1.975021e+00	-4.511358e+00	1.977781e+00
7.932035615644165e-04	-1.925248e+00	-4.411591e+00	1.930723e+00
8.127348115644165e-04	-1.847505e+00	-4.255058e+00	1.855606e+00
8.322660615644166e-04	-1.741793e+00	-4.041760e+00	1.752428e+00
8.517973115644166e-04	-1.608110e+00	-3.771697e+00	1.621189e+00
8.713285615644166e-04	-1.446458e+00	-3.444868e+00	1.461890e+00
8.824892758501309e-04	-1.344702e+00	-3.239025e+00	1.361337e+00
8.936499901358452e-04	-1.237727e+00	-3.021859e+00	1.255489e+00
9.048107044215595e-04	-1.125533e+00	-2.793371e+00	1.144346e+00
9.159714187072738e-04	-1.008119e+00	-2.553559e+00	1.027908e+00
9.271321329929880e-04	-8.854856e-01	-2.302424e+00	9.061753e-01
9.382928472787024e-04	-7.576330e-01	-2.039967e+00	7.791474e-01
9.494535615644167e-04	-6.245610e-01	-1.766186e+00	6.468246e-01
9.543363740644167e-04	-5.658449e-01	-1.645180e+00	5.883793e-01
9.592191865644166e-04	-5.067364e-01	-1.522272e+00	5.295727e-01
9.641019990644166e-04	-4.472356e-01	-1.397463e+00	4.704048e-01
9.689848115644166e-04	-3.873423e-01	-1.270754e+00	4.108756e-01
9.738676240644166e-04	-3.270567e-01	-1.142143e+00	3.509851e-01
9.787504365644166e-04	-2.663787e-01	-1.011631e+00	2.907333e-01
9.836332490644165e-04	-2.053083e-01	-8.792183e-01	2.301201e-01
9.885160615644164e-04	-1.441862e-01	-7.414582e-01	1.698632e-01
9.933988740644163e-04	-8.292841e-02	-5.936023e-01	1.106122e-01
9.982816865644162e-04	-2.159254e-02	-4.288451e-01	5.430573e-02
9.997531096573727e-04	-3.102514e-03	-3.671059e-01	4.094481e-02
1.001123433213997e-03	1.411736e-02	-2.934309e-01	3.377945e-02
1.001675497109436e-03	2.105453e-02	-2.556860e-01	3.363403e-02
1.002233364290179e-03	2.806436e-02	-2.093338e-01	3.635252e-02
1.002485708737172e-03	3.123507e-02	-1.852053e-01	3.852926e-02
1.002770088178966e-03	3.480820e-02	-1.547819e-01	4.170015e-02
1.003032962838217e-03	3.811103e-02	-1.238591e-01	4.505811e-02
1.003416442084823e-03	4.292898e-02	-7.408808e-02	5.049036e-02
1.003803798162628e-03	4.779539e-02	-1.811445e-02	5.634291e-02
1.004366624630387e-03	5.486574e-02	7.347178e-02	6.513979e-02
1.005082551288434e-03	6.385837e-02	2.017305e-01	7.632860e-02
1.005418714942119e-03	6.808043e-02	2.657777e-01	8.131050e-02
1.005647926788597e-03	7.095905e-02	3.095733e-01	8.415845e-02
1.005901022157835e-03	7.413744e-02	3.548141e-01	8.635549e-02
1.006071513474299e-03	7.627838e-02	3.818929e-01	8.711185e-02
1.006171458135117e-03	7.753339e-02	3.954108e-01	8.717237e-02
1.006278886325158e-03	7.888234e-02	4.075584e-01	8.698670e-02
1.006402894522073e-03	8.043944e-02	4.189902e-01	8.668239e-02
1.006555777868303e-03	8.235904e-02	4.301232e-01	8.639472e-02
1.006675712799862e-03	8.386488e-02	4.369229e-01	8.637756e-02
1.006791690044721e-03	8.532099e-02	4.420381e-01	8.665292e-02
1.006936793708944e-03	8.714272e-02	4.472057e-01	8.737421e-02
1.007079167778691e-03	8.893012e-02	4.514028e-01	8.842593e-02
1.007252575022106e-03	9.110700e-02	4.557521e-01	9.005503e-02
1.007439493933366e-03	9.345340e-02	4.599197e-01	9.207062e-02
1.007650631217906e-03	9.610365e-02	4.642559e-01	9.453332e-02
1.007888672318501e-03	9.909140e-02	4.688993e-01	9.742188e-02
1.008191491896827e-03	1.028919e-01	4.746153e-01	1.011644e-01
1.009140138468666e-03	1.147952e-01	4.918625e-01	1.129932e-01
1.011791891105965e-03	1.480457e-01	5.369256e-01	1.461280e-01
1.015191864453629e-03	1.906168e-01	5.911500e-01	1.885997e-01
1.019591330853320e-03	2.455707e-01	6.580165e-01	2.434689e-01
1.029356955853320e-03	3.668220e-01	7.981467e-01	3.646256e-01
1.044005393353319e-03	5.459691e-01	9.957221e-01	5.437140e-01
1.055166107639033e-03	6.809543e-01	1.139929e+00	6.786863e-01
1.066326821924747e-03	8.110644e-01	1.278233e+00	8.087957e-01
1.077487536210461e-03	9.362992e-01	1.410635e+00	9.340422e-01
1.088648250496175e-03	1.056659e+00	1.537134e+00	1.054426e+00
1.099808964781890e-03	1.172143e+00	1.657731e+00	1.169946e+00
1.110969679067604e-03	1.282752e+00	1.772425e+00	1.280604e+00
1.122130393353318e-03	1.388486e+00	1.881216e+00	1.386399e+00
1.140964098710460e-03	1.552229e+00	2.049829e+00	1.550269e+00
1.159797804067603e-03	1.690481e+00	2.192185e+00	1.688667e+00
1.178631509424745e-03	1.803242e+00	2.308284e+00	1.801594e+00
1.197465214781888e-03	1.890512e+00	2.398126e+00	1.889048e+00
1.216298920139030e-03	1.952292e+00	2.461710e+00	1.951030e+00
1.235132625496172e-03	1.988581e+00	2.499038e+00	1.987541e+00
1.253966330853315e-03	1.999379e+00	2.510108e+00	1.998579e+00
1.272102491567600e-03	1.978082e+00	2.488809e+00	1.977522e+00
1.290238652281885e-03	1.933468e+00	2.443444e+00	1.933144e+00
1.308374812996171e-03	1.865538e+00	2.374012e+00	1.865445e+00
1.326510973710456e-03	1.774291e+00	2.280513e+00	1.774425e+00
1.344647134424742e-03	1.659727e+00	2.162948e+00	1.660084e+00
1.362783295139027e-03	1.521846e+00	2.021316e+00	1.522422e+00
1.380919455853312e-03	1.360649e+00	1.855618e+00	1.361440e+00
1.392080170139026e-03	1.253120e+00	1.745167e+00	1.254035e+00
1.403240884424740e-03	1.140880e+00	1.628896e+00	1.141908e+00
1.414401598710454e-03	1.023928e+00	1.506805e+00	1.025060e+00
1.425562312996168e-03	9.022643e-01	1.378893e+00	9.034898e-01
1.436723027281882e-03	7.758885e-01	1.245160e+00	7.771983e-01
1.447883741567596e-03	6.448008e-01	1.105607e+00	6.461852e-01
1.459044455853310e-03	5.090012e-01	9.602326e-01	5.104505e-01
1.473692893353310e-03	3.290816e-01	7.606478e-01	3.305711e-01
1.478575705853310e-03	2.684133e-01	6.907346e-01	2.698975e-01
1.483458518353310e-03	2.074924e-01	6.180477e-01	2.089500e-01
1.488341330853310e-03	1.463762e-01	5.406771e-01	1.477600e-01
1.493224143353310e-03	8.512221e-02	4.552483e-01	8.631831e-02
1.496408013606183e-03	4.513440e-02	3.901810e-01	4.599964e-02
1.498302822056416e-03	2.132696e-02	3.418800e-01	2.170673e-02
1.499601721206870e-03	5.004914e-03	2.982151e-01	4.662692e-03
1.500687618987062e-03	-8.640848e-03	2.461808e-01	-1.019778e-02
1.501922990598662e-03	-2.416443e-02	1.591495e-01	-2.806167e-02
1.502989338747300e-03	-3.756293e-02	4.918735e-02	-4.424732e-02
1.504126363277742e-03	-5.184760e-02	-1.071911e-01	-6.184220e-02
1.504693398093099e-03	-5.897043e-02	-2.013501e-01	-7.033278e-02
1.505049003195509e-03	-6.343700e-02	-2.673894e-01	-7.511237e-02
1.505236112410874e-03	-6.578706e-02	-3.038140e-01	-7.708499e-02
1.505365018502835e-03	-6.740604e-02	-3.293480e-01	-7.780808e-02
1.505521964215663e-03	-6.937712e-02	-3.603612e-01	-7.758266e-02
1.505664656018412e-03	-7.116914e-02	-3.877897e-01	-7.565499e-02
1.505889298960298e-03	-7.399023e-02	-4.286274e-01	-6.895425e-02
1.506065207570673e-03	-7.619920e-02	-4.577597e-01	-6.040089e-02
1.506246320340655e-03	-7.847343e-02	-4.840113e-01	-4.831836e-02
1.506436305266853e-03	-8.085895e-02	-5.075042e-01	-3.342276e-02
1.506640435588589e-03	-8.342197e-02	-5.286686e-01	-1.644452e-02
1.506824820443955e-03	-8.573694e-02	-5.446201e-01	-1.414524e-03
1.507009814789701e-03	-8.805946e-02	-5.580068e-01	1.247069e-02
1.507223210716652e-03	-9.073839e-02	-5.709991e-01	2.635477e-02
1.507512333477804e-03	-9.436771e-02	-5.859833e-01	4.192066e-02
1.507774061963108e-03	-9.765290e-02	-5.976484e-01	5.298683e-02
1.508154107124200e-03	-1.024227e-01	-6.124915e-01	6.513359e-02
1.508553915942477e-03	-1.074399e-01	-6.267157e-01	7.495628e-02
1.508911784230319e-03	-1.119303e-01	-6.386192e-01	8.189102e-02
1.509327985720866e-03	-1.171518e-01	-6.519047e-01	8.870851e-02
1.510201673732993e-03	-1.281102e-01	-6.788039e-01	1.011292e-01
1.512375521729805e-03	-1.553681e-01	-7.424814e-01	1.292367e-01
1.514549369726618e-03	-1.825855e-01	-8.051424e-01	1.571600e-01
1.516723217723430e-03	-2.097622e-01	-8.667868e-01	1.848990e-01
1.518897065720243e-03	-2.368984e-01	-9.274147e-01	2.124537e-01
1.521070913717055e-03	-2.639940e-01	-9.870259e-01	2.398242e-01
1.523244761713867e-03	-2.910490e-01	-1.045621e+00	2.670103e-01
1.525418609710680e-03	-3.180635e-01	-1.103199e+00	2.940122e-01
1.540067047210679e-03	-4.981958e-01	-1.484881e+00	4.750719e-01
1.551227761496393e-03	-6.342232e-01	-1.767193e+00	6.116885e-01
1.562388475782108e-03	-7.655867e-01	-2.039039e+00	7.437142e-01
1.573549190067822e-03	-8.922862e-01	-2.300418e+00	8.711491e-01
1.584709904353536e-03	-1.014322e+00	-2.551331e+00	9.939931e-01
1.595870618639250e-03	-1.131693e+00	-2.791778e+00	1.112246e+00
1.607031332924964e-03	-1.244401e+00	-3.021759e+00	1.225909e+00
1.618192047210678e-03	-1.352445e+00	-3.241273e+00	1.334980e+00
1.636328207924963e-03	-1.514593e+00	-3.571057e+00	1.499048e+00
1.654464368639248e-03	-1.653483e+00	-3.853623e+00	1.639982e+00
1.672600529353534e-03	-1.769116e+00	-4.088971e+00	1.757781e+00
1.690736690067819e-03	-1.861491e+00	-4.277100e+00	1.852446e+00
1.708872850782104e-03	-1.930608e+00	-4.418012e+00	1.923977e+00
1.727009011496390e-03	-1.976468e+00	-4.511705e+00	1.972373e+00
1.745145172210675e-03	-1.999070e+00	-4.558181e+00	1.997635e+00
1.763978877567817e-03	-1.989634e+00	-4.540371e+00	1.990993e+00
1.782812582924960e-03	-1.954651e+00	-4.470661e+00	1.958704e+00
1.801646288282102e-03	-1.894118e+00	-4.349052e+00	1.900767e+00
1.820479993639245e-03	-1.808037e+00	-4.175543e+00	1.817184e+00
1.839313698996387e-03	-1.696407e+00	-3.950134e+00	1.707953e+00
1.858147404353530e-03	-1.559228e+00	-3.672825e+00	1.573075e+00
1.876981109710672e-03	-1.396501e+00	-3.343617e+00	1.412550e+00
1.888141823996386e-03	-1.291297e+00	-3.130725e+00	1.308509e+00
1.899302538282100e-03	-1.181171e+00	-2.906981e+00	1.199471e+00
1.910463252567814e-03	-1.066122e+00	-2.672385e+00	1.085436e+00
1.921623966853528e-03	-9.461503e-01	-2.426937e+00	9.664043e-01
1.932784681139243e-03	-8.212566e-01	-2.170637e+00	8.423760e-01
1.943945395424957e-03	-6.914403e-01	-1.903485e+00	7.133509e-01
1.955106109710671e-03	-5.567016e-01	-1.625482e+00	5.793292e-01
1.959291377567813e-03	-5.059108e-01	-1.520331e+00	5.287641e-01
1.963476645424956e-03	-4.548590e-01	-1.413678e+00	4.779717e-01
1.967661913282099e-03	-4.035462e-01	-1.305523e+00	4.269520e-01
1.971847181139242e-03	-3.519723e-01	-1.195865e+00	3.757050e-01
1.976032448996384e-03	-3.001373e-01	-1.084706e+00	3.242307e-01
1.980217716853527e-03	-2.480413e-01	-9.720438e-01	2.725290e-01
1.984402984710670e-03	-1.956843e-01	-8.578796e-01	2.206001e-01
1.989285797210670e-03	-1.345370e-01	-7.191048e-01	1.604089e-01
1.994168609710670e-03	-7.326302e-02	-5.706086e-01	1.012686e-01
1.997961245655034e-03	-2.561904e-02	-4.422209e-01	5.767523e-02
1.999527081660717e-03	-5.942858e-03	-3.779790e-01	4.279417e-02
2.000901882320366e-03	1.133333e-02	-3.075965e-01	3.419685e-02
2.001496973256780e-03	1.881124e-02	-2.689744e-01	3.333752e-02
2.002124892676424e-03	2.670140e-02	-2.189877e-01	3.570112e-02
2.002449756704920e-03	3.078333e-02	-1.885898e-01	3.827493e-02
2.002817184882957e-03	3.539994e-02	-1.489538e-01	4.236462e-02
2.003220172114812e-03	4.046312e-02	-9.997460e-02	4.768296e-02
2.003638254296737e-03	4.571567e-02	-4.285085e-02	5.381083e-02
2.004087090566932e-03	5.135425e-02	2.602786e-02	6.075066e-02
2.004658770637861e-03	5.853548e-02	1.239495e-01	6.971283e-02
2.005311043307154e-03	6.672815e-02	2.449141e-01	7.965514e-02
2.005622372621829e-03	7.063812e-02	3.043547e-01	8.385577e-02
2.005834714896474e-03	7.330476e-02	3.429292e-01	8.590203e-02
2.006068801746887e-03	7.624433e-02	3.808434e-01	8.710054e-02
2.006178749479820e-03	7.762495e-02	3.959808e-01	8.721590e-02
2.006282835274748e-03	7.893194e-02	4.077374e-01	8.703199e-02
2.006408524830109e-03	8.051014e-02	4.192833e-01	8.671465e-02
2.006556766120531e-03	8.237145e-02	4.300426e-01	8.643646e-02
2.006684457347622e-03	8.397467e-02	4.372200e-01	8.643131e-02
2.006809725603559e-03	8.554742e-02	4.426783e-01	8.675046e-02
2.006954051529587e-03	8.735938e-02	4.477220e-01	8.750334e-02
2.007101673746220e-03	8.921266e-02	4.519708e-01	8.863829e-02
2.007298102596836e-03	9.167852e-02	4.567944e-01	9.053329e-02
2.007476393772948e-03	9.391659e-02	4.607014e-01	9.248962e-02
2.007701748831904e-03	9.674526e-02	4.652689e-01	9.514720e-02
2.007935927134720e-03	9.968448e-02	4.698026e-01	9.800234e-02
2.008270914053271e-03	1.038886e-01	4.760921e-01	1.021516e-01
2.009300629331247e-03	1.168086e-01	4.947092e-01	1.149976e-01
2.012160544944430e-03	1.526653e-01	5.429440e-01	1.507345e-01
2.015963546040453e-03	2.002676e-01	6.031372e-01	1.982346e-01
2.020074826546574e-03	2.515993e-01	6.652576e-01	2.494942e-01
2.029840451546574e-03	3.727930e-01	8.048711e-01	3.705937e-01
2.044488889046573e-03	5.518116e-01	1.002055e+00	5.495554e-01
2.055649603332287e-03	6.866632e-01	1.146040e+00	6.843948e-01
2.066810317618001e-03	8.166138e-01	1.284110e+00	8.143455e-01
2.077971031903715e-03	9.416636e-01	1.416265e+00	9.394074e-01
2.089131746189430e-03	1.061812e+00	1.542504e+00	1.059581e+00
2.100292460475144e-03	1.177060e+00	1.662828e+00	1.174865e+00
2.111453174760858e-03	1.287407e+00	1.777236e+00	1.285261e+00
2.122613889046572e-03	1.392853e+00	1.885729e+00	1.390768e+00
2.142145139046571e-03	1.561842e+00	2.059712e+00	1.559892e+00
2.161676389046571e-03	1.703250e+00	2.205300e+00	1.701453e+00
2.181207639046571e-03	1.817076e+00	2.322491e+00	1.815453e+00
2.200738889046570e-03	1.903320e+00	2.411287e+00	1.901890e+00
2.220270139046570e-03	1.961983e+00	2.471687e+00	1.960766e+00
2.239801389046569e-03	1.993063e+00	2.503692e+00	1.992079e+00
2.259332639046569e-03	1.996562e+00	2.507300e+00	1.995830e+00
2.277468799760854e-03	1.967395e+00	2.477979e+00	1.966904e+00
2.295604960475140e-03	1.915278e+00	2.424931e+00	1.915023e+00
2.313741121189425e-03	1.840213e+00	2.348156e+00	1.840189e+00
2.331877281903710e-03	1.742198e+00	2.247655e+00	1.742400e+00
2.350013442617995e-03	1.621235e+00	2.123426e+00	1.621658e+00
2.368149603332281e-03	1.477322e+00	1.975472e+00	1.477961e+00
2.386285764046566e-03	1.310461e+00	1.803790e+00	1.311310e+00
2.396748933689423e-03	1.207142e+00	1.697488e+00	1.208104e+00
2.407212103332280e-03	1.099818e+00	1.586146e+00	1.100884e+00
2.417675272975137e-03	9.884890e-01	1.469764e+00	9.896496e-01
2.428138442617994e-03	8.731550e-01	1.348341e+00	8.744017e-01
2.438601612260851e-03	7.538161e-01	1.221878e+00	7.551398e-01
2.449064781903708e-03	6.304721e-01	1.090376e+00	6.318641e-01
2.459527951546565e-03	5.031232e-01	9.538326e-01	5.045745e-01
2.474176389046564e-03	3.230871e-01	7.538214e-01	3.245767e-01
2.479059201546564e-03	2.623912e-01	6.836801e-01	2.638740e-01
2.483942014046564e-03	2.014484e-01	6.106434e-01	2.029016e-01
2.488824826546564e-03	1.403160e-01	5.326073e-01	1.416875e-01
2.493707639046564e-03	7.905154e-02	4.460748e-01	8.021555e-02
2.496636969631343e-03	4.225794e-02	3.849106e-01	4.308195e-02
2.498478970973188e-03	1.911352e-02	3.366470e-01	1.942286e-02
2.499718870978045e-03	3.532770e-03	2.935380e-01	3.096558e-03
2.500807016854391e-03	-1.014123e-02	2.394258e-01	-1.187187e-02
2.502020712641570e-03	-2.539234e-02	1.512136e-01	-2.950893e-02
2.503038136394871e-03	-3.817603e-02	4.376829e-02	-4.499468e-02
2.504176770358069e-03	-5.248082e-02	-1.146468e-01	-6.263206e-02
2.504673985068452e-03	-5.872659e-02	-1.973757e-01	-7.010875e-02
2.504997034742518e-03	-6.278428e-02	-2.572388e-01	-7.454652e-02
2.505181858533331e-03	-6.510565e-02	-2.930551e-01	-7.665370e-02
2.505310089110699e-03	-6.671617e-02	-3.184061e-01	-7.763439e-02
2.505445671975389e-03	-6.841898e-02	-3.452936e-01	-7.790141e-02
2.505595424911970e-03	-7.029970e-02	-3.746244e-01	-7.691418e-02
2.505751291948305e-03	-7.225714e-02	-4.041494e-01	-7.394049e-02
2.505915722534395e-03	-7.432204e-02	-4.334586e-01	-6.818216e-02
2.506081699898628e-03	-7.640630e-02	-4.603527e-01	-5.943799e-02
2.506270226023907e-03	-7.877360e-02	-4.871606e-01	-4.649767e-02
2.506464714681960e-03	-8.121566e-02	-5.107514e-01	-3.106792e-02
2.506655048028116e-03	-8.360543e-02	-5.300933e-01	-1.520416e-02
2.506839761522018e-03	-8.592452e-02	-5.457919e-01	-2.147082e-04
2.507023761835474e-03	-8.823454e-02	-5.589254e-01	1.346175e-02
2.507244475772922e-03	-9.100533e-02	-5.721974e-01	2.764031e-02
2.507527849875466e-03	-9.456249e-02	-5.867185e-01	4.265238e-02
2.507799094941911e-03	-9.796710e-02	-5.986830e-01	5.390373e-02
2.508179235415122e-03	-1.027381e-01	-6.134208e-01	6.582783e-02
2.508583490443462e-03	-1.078110e-01	-6.277192e-01	7.557390e-02
2.508942710124322e-03	-1.123183e-01	-6.396239e-01	8.243555e-02
2.509356673366382e-03	-1.175117e-01	-6.528063e-01	8.914867e-02
2.510241859659220e-03	-1.286142e-01	-6.800210e-01	1.016712e-01
2.513194007050105e-03	-1.656369e-01	-7.656609e-01	1.396581e-01
2.516146154440991e-03	-2.025729e-01	-8.498138e-01	1.773933e-01
2.519098301831876e-03	-2.394221e-01	-9.324797e-01	2.148768e-01
2.522050449222762e-03	-2.761845e-01	-1.013659e+00	2.521086e-01
2.525002596613648e-03	-3.128601e-01	-1.093351e+00	2.890886e-01
2.527954744004534e-03	-3.494489e-01	-1.171556e+00	3.258170e-01
2.530906891395419e-03	-3.859510e-01	-1.248274e+00	3.622936e-01
2.540672516395419e-03	-5.066297e-01	-1.501108e+00	4.834855e-01
2.550438141395419e-03	-6.243273e-01	-1.746664e+00	6.017384e-01
2.560203766395419e-03	-7.390438e-01	-1.984944e+00	7.170524e-01
2.569969391395418e-03	-8.507791e-01	-2.215945e+00	8.294273e-01
2.579735016395418e-03	-9.595334e-01	-2.439670e+00	9.388632e-01
2.589500641395418e-03	-1.065307e+00	-2.656117e+00	1.045360e+00
2.599266266395418e-03	-1.168099e+00	-2.865287e+00	1.148918e+00
2.615309793181132e-03	-1.328573e+00	-3.192220e+00	1.310871e+00
2.631353319966845e-03	-1.472408e+00	-3.485205e+00	1.456310e+00
2.647396846752559e-03	-1.599603e+00	-3.744243e+00	1.585235e+00
2.663440373538274e-03	-1.710158e+00	-3.969332e+00	1.697646e+00
2.679483900323988e-03	-1.804072e+00	-4.160474e+00	1.793542e+00
2.695527427109701e-03	-1.881347e+00	-4.317668e+00	1.872924e+00
2.711570953895415e-03	-1.941981e+00	-4.440914e+00	1.935792e+00
2.733194837823986e-03	-1.986739e+00	-4.532809e+00	1.983724e+00
2.754818721752557e-03	-1.996351e+00	-4.553466e+00	1.996437e+00
2.776442605681128e-03	-1.970817e+00	-4.502885e+00	1.973931e+00
2.798066489609699e-03	-1.910139e+00	-4.381067e+00	1.916206e+00
2.819690373538270e-03	-1.814315e+00	-4.188012e+00	1.823261e+00
2.841314257466841e-03	-1.683345e+00	-3.923718e+00	1.695098e+00
2.862938141395412e-03	-1.517230e+00	-3.588187e+00	1.531715e+00
2.874796400323983e-03	-1.414363e+00	-3.380292e+00	1.430181e+00
2.886654659252554e-03	-1.305263e+00	-3.159040e+00	1.322330e+00
2.898512918181126e-03	-1.189931e+00	-2.924430e+00	1.208161e+00
2.910371177109697e-03	-1.068367e+00	-2.676463e+00	1.087675e+00
2.922229436038268e-03	-9.405699e-01	-2.415138e+00	9.608715e-01
2.934087694966839e-03	-8.065409e-01	-2.140456e+00	8.277504e-01
2.945945953895410e-03	-6.662795e-01	-1.852417e+00	6.883118e-01
2.951526311038268e-03	-5.995549e-01	-1.715399e+00	6.218905e-01
2.957106668181124e-03	-5.323019e-01	-1.575892e+00	5.549811e-01
2.962687025323981e-03	-4.645205e-01	-1.433895e+00	4.875837e-01
2.968267382466838e-03	-3.962107e-01	-1.289409e+00	4.196983e-01
2.973847739609695e-03	-3.273725e-01	-1.142434e+00	3.513249e-01
2.979428096752552e-03	-2.580059e-01	-9.929688e-01	2.824634e-01
2.985008453895409e-03	-1.881109e-01	-8.410142e-01	2.131139e-01
2.989891266395409e-03	-1.269447e-01	-7.013490e-01	1.529892e-01
2.994774078895409e-03	-6.565906e-02	-5.515277e-01	9.404971e-02
2.998090506643090e-03	-2.399483e-02	-4.375800e-01	5.632279e-02
2.999620251794448e-03	-4.772052e-03	-3.744506e-01	4.184924e-02
3.000795294465281e-03	9.993924e-03	-3.144159e-01	3.449437e-02
3.001452762535212e-03	1.825570e-02	-2.719930e-01	3.347612e-02
3.002139178113448e-03	2.688090e-02	-2.175424e-01	3.592792e-02
3.002498923625113e-03	3.140111e-02	-1.834144e-01	3.883612e-02
3.002936616470399e-03	3.690052e-02	-1.342213e-01	4.397788e-02
3.003531966547056e-03	4.438036e-02	-5.664607e-02	5.229338e-02
3.004106198227358e-03	5.159428e-02	2.942529e-02	6.105588e-02
3.004638893164702e-03	5.828580e-02	1.200699e-01	6.940732e-02
3.005281462269816e-03	6.635663e-02	2.391905e-01	7.924753e-02
3.005594001287026e-03	7.028182e-02	2.990218e-01	8.354228e-02
3.005803262927043e-03	7.290979e-02	3.374599e-01	8.566307e-02
3.006042171169240e-03	7.590993e-02	3.770837e-01	8.705667e-02
3.006144484101721e-03	7.719468e-02	3.917378e-01	8.723948e-02
3.006241385729263e-03	7.841147e-02	4.032985e-01	8.711651e-02
3.006369758190527e-03	8.002338e-02	4.158643e-01	8.681018e-02
3.006529222556258e-03	8.202562e-02	4.282326e-01	8.647165e-02
3.006655836480454e-03	8.361533e-02	4.358169e-01	8.639796e-02
3.006772883798864e-03	8.508489e-02	4.412048e-01	8.662172e-02
3.006922193576326e-03	8.695943e-02	4.467005e-01	8.730196e-02
3.007057584508158e-03	8.865916e-02	4.508019e-01	8.825461e-02
3.007226036227856e-03	9.077386e-02	4.551139e-01	8.979371e-02
3.007411663504485e-03	9.310405e-02	4.593182e-01	9.176137e-02
3.007619197674810e-03	9.570909e-02	4.636250e-01	9.415981e-02
3.007850120109651e-03	9.860753e-02	4.681583e-01	9.694980e-02
3.008141564581961e-03	1.022653e-01	4.736826e-01	1.005450e-01
3.009040558745232e-03	1.135459e-01	4.900877e-01	1.117496e-01
3.011445438830302e-03	1.437037e-01	5.312188e-01	1.417985e-01
3.014609813086028e-03	1.833346e-01	5.820548e-01	1.813319e-01
3.018924658318572e-03	2.372543e-01	6.480654e-01	2.351624e-01
3.023807470818572e-03	2.980590e-01	7.196379e-01	2.959051e-01
3.033573095818572e-03	4.187700e-01	8.562592e-01	4.165508e-01
3.044036265461429e-03	5.476398e-01	9.961668e-01	5.453906e-01
3.054499435104286e-03	6.728381e-01	1.131111e+00	6.705716e-01
3.064962604747143e-03	7.943650e-01	1.261092e+00	7.920937e-01
3.075425774390000e-03	9.122206e-01	1.386109e+00	9.099570e-01
3.085888944032857e-03	1.026405e+00	1.506163e+00	1.024161e+00
3.096352113675714e-03	1.136917e+00	1.621253e+00	1.134707e+00
3.106815283318571e-03	1.243759e+00	1.731380e+00	1.241593e+00
3.123556354747142e-03	1.404483e+00	1.897366e+00	1.402408e+00
3.140297426175713e-03	1.546376e+00	2.043820e+00	1.544409e+00
3.157038497604284e-03	1.669438e+00	2.170743e+00	1.667596e+00
3.173779569032855e-03	1.773669e+00	2.278135e+00	1.771970e+00
3.190520640461426e-03	1.859070e+00	2.365995e+00	1.857531e+00
3.207261711889997e-03	1.925639e+00	2.434324e+00	1.924278e+00
3.224002783318568e-03	1.973378e+00	2.483121e+00	1.972212e+00
3.244929122604282e-03	1.996349e+00	2.507112e+00	1.995449e+00
3.265855461889996e-03	1.986919e+00	2.497794e+00	1.986283e+00
3.286781801175709e-03	1.945087e+00	2.455169e+00	1.944714e+00
3.307708140461424e-03	1.870853e+00	2.379234e+00	1.870743e+00
3.328634479747137e-03	1.764217e+00	2.269992e+00	1.764369e+00
3.349560819032851e-03	1.625179e+00	2.127441e+00	1.625592e+00
3.370487158318565e-03	1.453740e+00	1.951582e+00	1.454413e+00
3.381647872604279e-03	1.352508e+00	1.847681e+00	1.353310e+00
3.392808586889993e-03	1.246014e+00	1.737659e+00	1.246935e+00
3.403969301175707e-03	1.134257e+00	1.621515e+00	1.135289e+00
3.415130015461421e-03	1.017236e+00	1.499250e+00	1.018371e+00
3.426290729747135e-03	8.949528e-01	1.370863e+00	8.961825e-01
3.437451444032849e-03	7.674063e-01	1.236355e+00	7.687221e-01
3.448612158318563e-03	6.345968e-01	1.095725e+00	6.359904e-01
3.452797426175706e-03	5.844191e-01	1.042197e+00	5.858392e-01
3.456982694032849e-03	5.339251e-01	9.876879e-01	5.353673e-01
3.461167961889992e-03	4.831150e-01	9.321972e-01	4.845749e-01
3.465353229747135e-03	4.319887e-01	8.757249e-01	4.334618e-01
3.469538497604277e-03	3.805462e-01	8.182710e-01	3.820280e-01
3.473723765461420e-03	3.287876e-01	7.598355e-01	3.302737e-01
3.477909033318563e-03	2.767127e-01	7.004184e-01	2.781987e-01
3.482791845818563e-03	2.158230e-01	6.281862e-01	2.172861e-01
3.487674658318562e-03	1.547300e-01	5.516526e-01	1.561289e-01
3.492557470818562e-03	9.349149e-02	4.675765e-01	9.472544e-02
3.496113585510081e-03	4.883327e-02	3.967740e-01	4.974638e-02
3.498079498743717e-03	2.413314e-02	3.482650e-01	2.459314e-02
3.499463295088248e-03	6.744420e-03	3.035340e-01	6.505390e-03
3.500546351379545e-03	-6.865641e-03	2.538151e-01	-8.229760e-03
3.501810237719268e-03	-2.274763e-02	1.676135e-01	-2.640810e-02
3.502964248910629e-03	-3.724770e-02	5.140089e-02	-4.387081e-02
3.504084333472426e-03	-5.131961e-02	-1.011323e-01	-6.117908e-02
3.504718546988818e-03	-5.928632e-02	-2.064674e-01	-7.061632e-02
3.505105259077775e-03	-6.414358e-02	-2.784770e-01	-7.565578e-02
3.505294050435520e-03	-6.651473e-02	-3.153765e-01	-7.743000e-02
3.505423997982802e-03	-6.814677e-02	-3.411348e-01	-7.788324e-02
3.505571088215153e-03	-6.999406e-02	-3.700364e-01	-7.715806e-02
3.505725671134682e-03	-7.193539e-02	-3.994954e-01	-7.452692e-02
3.505896617611689e-03	-7.408213e-02	-4.302486e-01	-6.892031e-02
3.506063887850118e-03	-7.618263e-02	-4.576592e-01	-6.042882e-02
3.506256676343540e-03	-7.860346e-02	-4.854361e-01	-4.744974e-02
3.506445849187370e-03	-8.097879e-02	-5.086948e-01	-3.257218e-02
3.506642901269381e-03	-8.345293e-02	-5.289801e-01	-1.616246e-02
3.506827244965783e-03	-8.576738e-02	-5.448485e-01	-1.151021e-03
3.507011158005068e-03	-8.807632e-02	-5.581194e-01	1.262094e-02
3.507227138831985e-03	-9.078769e-02	-5.712388e-01	2.663621e-02
3.507513384153565e-03	-9.438091e-02	-5.860444e-01	4.199828e-02
3.507778563605999e-03	-9.770940e-02	-5.978394e-01	5.316752e-02
3.508158197541483e-03	-1.024740e-01	-6.126477e-01	6.526007e-02
3.508558468692501e-03	-1.074971e-01	-6.268725e-01	7.505845e-02
3.508916035588776e-03	-1.119836e-01	-6.387584e-01	8.196951e-02
3.509332280623789e-03	-1.172057e-01	-6.520401e-01	8.877601e-02
3.510208892920311e-03	-1.282008e-01	-6.790227e-01	1.012270e-01
3.512400984332431e-03	-1.556874e-01	-7.432122e-01	1.295641e-01
3.514593075744551e-03	-1.831326e-01	-8.063757e-01	1.577160e-01
3.516785167156671e-03	-2.105363e-01	-8.685132e-01	1.856827e-01
3.518977258568792e-03	-2.378987e-01	-9.296247e-01	2.134642e-01
3.521169349980912e-03	-2.652196e-01	-9.897102e-01	2.410604e-01
3.523361441393032e-03	-2.924992e-01	-1.048770e+00	2.684715e-01
3.525553532805153e-03	-3.197373e-01	-1.106803e+00	2.956972e-01
3.540201970305152e-03	-4.998377e-01	-1.488321e+00	4.767212e-01
3.551362684590866e-03	-6.358308e-01	-1.770535e+00	6.133040e-01
3.562523398876580e-03	-7.671527e-01	-2.042273e+00	7.452887e-01
3.573684113162294e-03	-8.938033e-01	-2.303534e+00	8.726753e-01
3.584844827448009e-03	-1.015783e+00	-2.554319e+00	9.954640e-01
3.596005541733723e-03	-1.133091e+00	-2.794628e+00	1.113655e+00
3.607166256019437e-03	-1.245728e+00	-3.024461e+00	1.227247e+00
3.618326970305151e-03	-1.353693e+00	-3.243817e+00	1.336242e+00
3.636463131019436e-03	-1.515697e+00	-3.573306e+00	1.500167e+00
3.654599291733722e-03	-1.654435e+00	-3.855559e+00	1.640949e+00
3.672735452448007e-03	-1.769905e+00	-4.090576e+00	1.758588e+00
3.690871613162292e-03	-1.862109e+00	-4.278358e+00	1.853082e+00
3.709007773876577e-03	-1.931046e+00	-4.418905e+00	1.924434e+00
3.727143934590863e-03	-1.976717e+00	-4.512216e+00	1.972641e+00
3.745280095305148e-03	-1.999121e+00	-4.558291e+00	1.997705e+00
3.750162907805148e-03	-1.999990e+00	-4.560315e+00	1.999278e+00
3.755045720305148e-03	-1.998984e+00	-4.558546e+00	1.998975e+00
3.759928532805148e-03	-1.996104e+00	-4.552985e+00	1.996797e+00
3.764811345305148e-03	-1.991349e+00	-4.543632e+00	1.992743e+00
3.769694157805148e-03	-1.984719e+00	-4.530487e+00	1.986814e+00
3.774576970305147e-03	-1.976214e+00	-4.513549e+00	1.979009e+00
3.779459782805147e-03	-1.965835e+00	-4.492820e+00	1.969329e+00
3.784342595305147e-03	-1.953619e+00	-4.468371e+00	1.957807e+00
3.800386122090861e-03	-1.898071e+00	-4.357109e+00	1.904560e+00
3.816429648876575e-03	-1.825599e+00	-4.211285e+00	1.834283e+00
3.832473175662289e-03	-1.736204e+00	-4.030899e+00	1.746975e+00
3.848516702448003e-03	-1.629886e+00	-3.815951e+00	1.642638e+00
3.864560229233717e-03	-1.506645e+00	-3.566441e+00	1.521270e+00
3.880603756019431e-03	-1.366480e+00	-3.282369e+00	1.382873e+00
3.896647282805145e-03	-1.209392e+00	-2.963735e+00	1.227446e+00
3.906412907805145e-03	-1.108407e+00	-2.758888e+00	1.127354e+00
3.916178532805145e-03	-1.004265e+00	-2.546616e+00	1.024056e+00
3.925944157805145e-03	-8.969666e-01	-2.326918e+00	9.175505e-01
3.935709782805144e-03	-7.865113e-01	-2.099795e+00	8.078388e-01
3.945475407805144e-03	-6.728992e-01	-1.865246e+00	6.949203e-01
3.955241032805144e-03	-5.561304e-01	-1.623273e+00	5.787952e-01
3.965006657805144e-03	-4.362048e-01	-1.373873e+00	4.594634e-01
3.979655095305143e-03	-2.549659e-01	-9.879721e-01	2.793310e-01
3.984537907805143e-03	-1.939969e-01	-8.541276e-01	2.189316e-01
3.989420720305143e-03	-1.328453e-01	-7.151621e-01	1.587541e-01
3.994303532805143e-03	-7.156864e-02	-5.663877e-01	9.965517e-02
3.997986720615914e-03	-2.529894e-02	-4.413167e-01	5.740893e-02
3.999546135571956e-03	-5.703421e-03	-3.771638e-01	4.263018e-02
4.000902634313908e-03	1.134278e-02	-3.075792e-01	3.419315e-02
4.001501298572985e-03	1.886559e-02	-2.686340e-01	3.336177e-02
4.002136042005321e-03	2.684149e-02	-2.179394e-01	3.579687e-02
4.002467411979505e-03	3.100517e-02	-1.867728e-01	3.845683e-02
4.002841649291222e-03	3.570732e-02	-1.460429e-01	4.267983e-02
4.003273513760173e-03	4.113329e-02	-9.292079e-02	4.844848e-02
4.003701824551222e-03	4.651431e-02	-3.356973e-02	5.477747e-02
4.004155774836832e-03	5.221707e-02	3.716709e-02	6.182747e-02
4.004736261733775e-03	5.950884e-02	1.374618e-01	7.096088e-02
4.005237640240783e-03	6.580625e-02	2.308745e-01	7.866763e-02
4.005539545061617e-03	6.959792e-02	2.890896e-01	8.290071e-02
4.005751435049771e-03	7.225893e-02	3.285714e-01	8.519436e-02
4.006004625619579e-03	7.543845e-02	3.717984e-01	8.692220e-02
4.006105471610157e-03	7.670480e-02	3.868809e-01	8.720107e-02
4.006198340836429e-03	7.787096e-02	3.985884e-01	8.714594e-02
4.006329525490239e-03	7.951820e-02	4.124178e-01	8.686333e-02
4.006464455915971e-03	8.121242e-02	4.238737e-01	8.653963e-02
4.006597382610669e-03	8.288141e-02	4.326945e-01	8.635494e-02
4.006709860137231e-03	8.429361e-02	4.385374e-01	8.642791e-02
4.006833046037011e-03	8.584021e-02	4.436231e-01	8.681865e-02
4.006972720809594e-03	8.759376e-02	4.483174e-01	8.761974e-02
4.007137080124618e-03	8.965714e-02	4.529014e-01	8.894940e-02
4.007327544834640e-03	9.204812e-02	4.574713e-01	9.084012e-02
4.007515457746164e-03	9.440693e-02	4.615177e-01	9.293821e-02
4.007734492334865e-03	9.715624e-02	4.659141e-01	9.554159e-02
4.007990270828213e-03	1.003665e-01	4.708347e-01	9.867238e-02
4.008761101436639e-03	1.100397e-01	4.850648e-01	1.082608e-01
4.010531316388843e-03	1.322439e-01	5.159642e-01	1.303747e-01
4.012759498453856e-03	1.601689e-01	5.526348e-01	1.582182e-01
4.016881803633462e-03	2.117454e-01	6.172240e-01	2.096933e-01
4.021064338088748e-03	2.639302e-01	6.798524e-01	2.618126e-01
4.030829963088748e-03	3.850024e-01	8.185825e-01	3.827973e-01
4.045478400588748e-03	5.637527e-01	1.014982e+00	5.614944e-01
4.056639114874462e-03	6.983269e-01	1.158515e+00	6.960578e-01
4.067799829160176e-03	8.279476e-01	1.296105e+00	8.256799e-01
4.078960543445890e-03	9.526149e-01	1.427753e+00	9.503607e-01
4.090121257731604e-03	1.072329e+00	1.553459e+00	1.070100e+00
4.101281972017318e-03	1.187089e+00	1.673223e+00	1.184898e+00
4.112442686303032e-03	1.296896e+00	1.787044e+00	1.294755e+00
4.123603400588746e-03	1.401749e+00	1.894922e+00	1.399670e+00
4.143134650588746e-03	1.569557e+00	2.067667e+00	1.567613e+00
4.162665900588745e-03	1.709716e+00	2.211955e+00	1.707928e+00
4.182197150588745e-03	1.822228e+00	2.327785e+00	1.820614e+00
4.201728400588745e-03	1.907092e+00	2.415157e+00	1.905672e+00
4.221259650588744e-03	1.964307e+00	2.474072e+00	1.963102e+00
4.240790900588744e-03	1.993875e+00	2.504529e+00	1.992903e+00
4.260322150588743e-03	1.995795e+00	2.506529e+00	1.995076e+00
4.277760766660171e-03	1.967123e+00	2.477668e+00	1.966635e+00
4.295199382731599e-03	1.917114e+00	2.426762e+00	1.916853e+00
4.312637998803028e-03	1.845769e+00	2.353811e+00	1.845731e+00
4.330076614874456e-03	1.753088e+00	2.258815e+00	1.753267e+00
4.347515230945885e-03	1.639070e+00	2.141773e+00	1.639463e+00
4.364953847017313e-03	1.503715e+00	2.002686e+00	1.504318e+00
4.382392463088741e-03	1.347024e+00	1.841555e+00	1.347831e+00
4.393553177374455e-03	1.238643e+00	1.730221e+00	1.239573e+00
4.404713891660169e-03	1.125630e+00	1.613101e+00	1.126673e+00
4.415874605945883e-03	1.007985e+00	1.490194e+00	1.009130e+00
4.427035320231597e-03	8.857068e-01	1.361500e+00	8.869444e-01
4.438196034517311e-03	7.587965e-01	1.227020e+00	7.601167e-01
4.449356748803025e-03	6.272539e-01	1.086753e+00	6.286468e-01
4.460517463088739e-03	4.910788e-01	9.406991e-01	4.925345e-01
4.475165900588739e-03	3.108097e-01	7.397898e-01	3.122991e-01
4.480048713088739e-03	2.500591e-01	6.691552e-01	2.515383e-01
4.484931525588738e-03	1.890733e-01	5.953426e-01	1.905158e-01
4.489814338088738e-03	1.279095e-01	5.157565e-01	1.292508e-01
4.494697150588738e-03	6.662524e-02	4.265569e-01	6.770795e-02
4.497148768135879e-03	3.582772e-02	3.726162e-01	3.654471e-02
4.498879574688024e-03	1.407956e-02	3.240080e-01	1.420073e-02
4.500010123019958e-03	-1.272096e-04	2.811365e-01	-8.273816e-04
4.501107046569818e-03	-1.391145e-02	2.210663e-01	-1.612625e-02
4.502278987564739e-03	-2.863762e-02	1.277763e-01	-3.338542e-02
4.503259847959815e-03	-4.096159e-02	1.646783e-02	-4.841768e-02
4.504351522875266e-03	-5.467604e-02	-1.432365e-01	-6.527805e-02
4.504804814544699e-03	-6.036991e-02	-2.211942e-01	-7.193736e-02
4.505103206211622e-03	-6.411779e-02	-2.776243e-01	-7.576501e-02
4.505267738338296e-03	-6.618427e-02	-3.098680e-01	-7.735056e-02
4.505390443455860e-03	-6.772536e-02	-3.342080e-01	-7.790702e-02
4.505539888862782e-03	-6.960224e-02	-3.636955e-01	-7.749386e-02
4.505685782202386e-03	-7.143445e-02	-3.916870e-01	-7.536801e-02
4.505886747749455e-03	-7.395819e-02	-4.281687e-01	-6.924383e-02
4.506058807935700e-03	-7.611883e-02	-4.565886e-01	-6.078283e-02
4.506259419333702e-03	-7.863791e-02	-4.856232e-01	-4.737320e-02
4.506442541056347e-03	-8.093725e-02	-5.082213e-01	-3.299844e-02
4.506639242764475e-03	-8.340699e-02	-5.285371e-01	-1.660067e-02
4.506823390307973e-03	-8.571899e-02	-5.444627e-01	-1.579030e-03
4.507009022543079e-03	-8.804951e-02	-5.579154e-01	1.236197e-02
4.507223942263534e-03	-9.074757e-02	-5.710180e-01	2.635781e-02
4.507510822758090e-03	-9.434875e-02	-5.858979e-01	4.181541e-02
4.507774993107485e-03	-9.766459e-02	-5.976764e-01	5.299430e-02
4.508153218555629e-03	-1.024116e-01	-6.124566e-01	6.510063e-02
4.508551973434828e-03	-1.074156e-01	-6.266474e-01	7.490823e-02
4.508909783762545e-03	-1.119052e-01	-6.385527e-01	8.185097e-02
4.509325996120688e-03	-1.171269e-01	-6.518415e-01	8.867571e-02
4.510199796499865e-03	-1.280867e-01	-6.787470e-01	1.011034e-01
4.512373114302574e-03	-1.553380e-01	-7.424119e-01	1.292056e-01
4.514546432105283e-03	-1.825487e-01	-8.050601e-01	1.571232e-01
4.516719749907992e-03	-2.097188e-01	-8.666915e-01	1.848562e-01
4.518893067710701e-03	-2.368485e-01	-9.273063e-01	2.124046e-01
4.521066385513410e-03	-2.639376e-01	-9.869044e-01	2.397685e-01
4.523239703316120e-03	-2.909861e-01	-1.045486e+00	2.669478e-01
4.525413021118829e-03	-3.179941e-01	-1.103050e+00	2.939425e-01
4.540061458618828e-03	-4.981278e-01	-1.484739e+00	4.750035e-01
4.551222172904543e-03	-6.341567e-01	-1.767054e+00	6.116216e-01
4.562382887190256e-03	-7.655219e-01	-2.038905e+00	7.436490e-01
4.573543601475971e-03	-8.922234e-01	-2.300289e+00	8.710859e-01
4.584704315761684e-03	-1.014261e+00	-2.551207e+00	9.939322e-01
4.595865030047399e-03	-1.131635e+00	-2.791660e+00	1.112188e+00
4.607025744333112e-03	-1.244346e+00	-3.021647e+00	1.225853e+00
4.618186458618827e-03	-1.352393e+00	-3.241168e+00	1.334928e+00
4.636322619333112e-03	-1.514547e+00	-3.570964e+00	1.499002e+00
4.654458780047398e-03	-1.653444e+00	-3.853543e+00	1.639942e+00
4.672594940761682e-03	-1.769083e+00	-4.088904e+00	1.757748e+00
4.690731101475968e-03	-1.861465e+00	-4.277048e+00	1.852420e+00
4.708867262190253e-03	-1.930590e+00	-4.417975e+00	1.923958e+00
4.727003422904539e-03	-1.976457e+00	-4.511685e+00	1.972362e+00
4.745139583618824e-03	-1.999067e+00	-4.558177e+00	1.997632e+00
4.763973288975967e-03	-1.989641e+00	-4.540384e+00	1.990998e+00
4.782806994333109e-03	-1.954665e+00	-4.470690e+00	1.958717e+00
4.801640699690251e-03	-1.894141e+00	-4.349097e+00	1.900789e+00
4.820474405047394e-03	-1.808067e+00	-4.175603e+00	1.817213e+00
4.839308110404537e-03	-1.696444e+00	-3.950209e+00	1.707989e+00
4.858141815761679e-03	-1.559272e+00	-3.672914e+00	1.573119e+00
4.876975521118821e-03	-1.396551e+00	-3.343719e+00	1.412600e+00
4.888136235404536e-03	-1.291350e+00	-3.130834e+00	1.308562e+00
4.899296949690249e-03	-1.181227e+00	-2.907096e+00	1.199527e+00
4.910457663975964e-03	-1.066181e+00	-2.672506e+00	1.085495e+00
4.921618378261677e-03	-9.462122e-01	-2.427063e+00	9.664657e-01
4.932779092547392e-03	-8.213206e-01	-2.170769e+00	8.424396e-01
4.943939806833105e-03	-6.915062e-01	-1.903621e+00	7.134164e-01
4.955100521118820e-03	-5.567691e-01	-1.625622e+00	5.793963e-01
4.959285788975963e-03	-5.059788e-01	-1.520472e+00	5.288317e-01
4.963471056833105e-03	-4.549274e-01	-1.413821e+00	4.780398e-01
4.967656324690248e-03	-4.036150e-01	-1.305668e+00	4.270205e-01
4.971841592547391e-03	-3.520414e-01	-1.196012e+00	3.757737e-01
4.976026860404534e-03	-3.002068e-01	-1.084855e+00	3.242996e-01
4.980212128261676e-03	-2.481110e-01	-9.721960e-01	2.725981e-01
4.984397396118819e-03	-1.957542e-01	-8.580349e-01	2.206692e-01
4.989280208618819e-03	-1.346070e-01	-7.192680e-01	1.604775e-01
4.994163021118819e-03	-7.333320e-02	-5.707834e-01	1.013354e-01
4.997959999193582e-03	-2.563470e-02	-4.417738e-01	5.781291e-02
4.999663387008871e-03	-4.230001e-03	-3.750313e-01	4.058784e-02
5.000000000000000e-03	-2.449294e-15	-3.600125e-01	3.777961e-02
