time	V(vin)	V(vo1)	V(vo2)
0.000000000000000e+00	0.000000e+00	-1.471202e-01	1.786869e-04
1.130125160769546e-08	3.550393e-04	-1.471216e-01	1.773816e-04
2.260250321539092e-08	7.100786e-04	-1.471142e-01	1.847929e-04
3.390375482308638e-08	1.065118e-03	-1.470980e-01	2.009206e-04
4.520500643078185e-08	1.420157e-03	-1.470730e-01	2.257649e-04
5.650625803847731e-08	1.775196e-03	-1.470392e-01	2.593256e-04
6.780750964617277e-08	2.130236e-03	-1.469966e-01	3.016028e-04
7.910876125386821e-08	2.485275e-03	-1.469452e-01	3.525965e-04
1.117047269995861e-07	3.509307e-03	-1.467019e-01	5.913782e-04
1.494619884209717e-07	4.695486e-03	-1.462445e-01	1.032640e-03
1.961354894805641e-07	6.161776e-03	-1.453959e-01	1.828138e-03
2.568882620968995e-07	8.070379e-03	-1.438180e-01	3.238318e-03
3.392859831993709e-07	1.065898e-02	-1.408558e-01	5.680891e-03
4.568957160436745e-07	1.435378e-02	-1.352684e-01	9.799344e-03
5.830167872614005e-07	1.831597e-02	-1.276889e-01	1.463685e-02
7.191635589029201e-07	2.259311e-02	-1.177045e-01	2.003820e-02
8.630211370650652e-07	2.711248e-02	-1.051323e-01	2.573961e-02
1.040123995711232e-06	3.267623e-02	-8.666746e-02	3.268500e-02
1.295323431965516e-06	4.069334e-02	-5.356984e-02	4.264479e-02
1.805722304474084e-06	5.672722e-02	2.922657e-02	6.264900e-02
2.278015551105051e-06	7.156353e-02	1.242582e-01	8.126729e-02
2.839062640898533e-06	8.918706e-02	2.570051e-01	1.032179e-01
3.096496743628763e-06	9.727318e-02	3.229740e-01	1.126855e-01
3.300926902300031e-06	1.036942e-01	3.746344e-01	1.188933e-01
3.533330906918401e-06	1.109937e-01	4.280843e-01	1.240704e-01
3.610980669383819e-06	1.134326e-01	4.435513e-01	1.251926e-01
3.670636216150836e-06	1.153062e-01	4.535906e-01	1.257069e-01
3.760091197124633e-06	1.181158e-01	4.665501e-01	1.262728e-01
3.854775485837172e-06	1.210895e-01	4.782414e-01	1.268192e-01
3.929155864609540e-06	1.234255e-01	4.859430e-01	1.273224e-01
4.008695984907146e-06	1.259236e-01	4.928413e-01	1.280611e-01
4.112505258083150e-06	1.291838e-01	5.004876e-01	1.293871e-01
4.215198503946977e-06	1.324089e-01	5.069477e-01	1.311388e-01
4.349641442161799e-06	1.366310e-01	5.142740e-01	1.340443e-01
4.508546698433915e-06	1.416212e-01	5.220441e-01	1.380998e-01
4.677812874211782e-06	1.469367e-01	5.297107e-01	1.429118e-01
4.870966200812930e-06	1.530020e-01	5.380502e-01	1.487332e-01
5.110464725842020e-06	1.605224e-01	5.480940e-01	1.561341e-01
5.773630117022706e-06	1.813442e-01	5.750272e-01	1.768256e-01
6.416505604428371e-06	2.015259e-01	6.002884e-01	1.969223e-01
7.702256579239699e-06	2.418791e-01	6.491339e-01	2.371500e-01
1.027375852886235e-05	3.225355e-01	7.432665e-01	3.176415e-01
1.335772713982737e-05	4.191529e-01	8.523151e-01	4.141329e-01
1.730553213928379e-05	5.425987e-01	9.877972e-01	5.374550e-01
2.218834463928379e-05	6.948115e-01	1.151585e+00	6.895626e-01
3.195396963928379e-05	9.971329e-01	1.470803e+00	9.917831e-01
4.241713928214094e-05	1.320112e+00	1.805259e+00	1.314713e+00
5.288030892499809e-05	1.634111e+00	2.129386e+00	1.628690e+00
6.334347856785525e-05	1.939130e+00	2.443184e+00	1.933712e+00
7.380664821071239e-05	2.235168e+00	2.746652e+00	2.229782e+00
8.426981785356954e-05	2.522227e+00	3.039790e+00	2.516897e+00
9.473298749642670e-05	2.800305e+00	3.322599e+00	2.795060e+00
1.051961571392838e-04	3.069402e+00	3.595078e+00	3.064268e+00
1.219372285678553e-04	3.474856e+00	4.006047e+00	3.469949e+00
1.386782999964267e-04	3.833516e+00	4.369538e+00	3.828881e+00
1.554193714249982e-04	4.145383e+00	4.685551e+00	4.141065e+00
1.721604428535696e-04	4.410456e+00	4.954086e+00	4.406499e+00
1.889015142821411e-04	4.628736e+00	5.175143e+00	4.625184e+00
2.056425857107125e-04	4.800223e+00	5.348722e+00	4.797121e+00
2.223836571392839e-04	4.924917e+00	5.474823e+00	4.922308e+00
2.433099964249982e-04	4.989271e+00	5.540661e+00	4.987333e+00
2.642363357107125e-04	4.972373e+00	5.524343e+00	4.971105e+00
2.851626749964269e-04	4.874223e+00	5.425870e+00	4.873623e+00
3.060890142821412e-04	4.694820e+00	5.245241e+00	4.694887e+00
3.270153535678554e-04	4.434164e+00	4.982455e+00	4.434898e+00
3.479416928535698e-04	4.092255e+00	4.637514e+00	4.093655e+00
3.688680321392840e-04	3.669095e+00	4.210417e+00	3.671159e+00
3.807262910678555e-04	3.401810e+00	3.940631e+00	3.404220e+00
3.925845499964269e-04	3.119803e+00	3.655108e+00	3.122538e+00
4.044428089249984e-04	2.823073e+00	3.353846e+00	2.826111e+00
4.163010678535698e-04	2.511621e+00	3.036847e+00	2.514940e+00
4.281593267821412e-04	2.185447e+00	2.704109e+00	2.189025e+00
4.400175857107127e-04	1.844551e+00	2.355634e+00	1.848366e+00
4.518758446392841e-04	1.488932e+00	1.991421e+00	1.492963e+00
4.560611124964270e-04	1.362691e+00	1.861709e+00	1.366792e+00
4.602463803535698e-04	1.235729e+00	1.730449e+00	1.239892e+00
4.644316482107127e-04	1.108045e+00	1.597642e+00	1.112263e+00
4.686169160678556e-04	9.796404e-01	1.463288e+00	9.839049e-01
4.728021839249984e-04	8.505143e-01	1.327386e+00	8.548177e-01
4.769874517821413e-04	7.206667e-01	1.189937e+00	7.250014e-01
4.811727196392841e-04	5.900979e-01	1.050941e+00	5.944561e-01
4.860555321392841e-04	4.375181e-01	8.845361e-01	4.418636e-01
4.909383446392841e-04	2.845265e-01	7.107022e-01	2.887657e-01
4.958211571392841e-04	1.312671e-01	5.243801e-01	1.351547e-01
4.978068271839182e-04	6.889837e-02	4.385374e-01	7.229512e-02
4.990347776063797e-04	3.032317e-02	3.753090e-01	3.297628e-02
4.998062978169407e-04	6.085332e-03	3.259222e-01	7.735962e-03
5.005091103381104e-04	-1.599415e-02	2.651836e-01	-1.622295e-02
5.013274530651042e-04	-4.170268e-02	1.653509e-01	-4.573395e-02
5.020246407020699e-04	-6.360425e-02	4.427541e-02	-7.228057e-02
5.027763718939164e-04	-8.721787e-02	-1.286433e-01	-1.016569e-01
5.033051147804284e-04	-1.038258e-01	-2.745810e-01	-1.216606e-01
5.035934043552955e-04	-1.128805e-01	-3.630362e-01	-1.311292e-01
5.037315027608698e-04	-1.172179e-01	-4.072658e-01	-1.341895e-01
5.038312333851996e-04	-1.203501e-01	-4.393779e-01	-1.348117e-01
5.039218360152006e-04	-1.231956e-01	-4.680614e-01	-1.334482e-01
5.040350438609365e-04	-1.267511e-01	-5.025742e-01	-1.285620e-01
5.041708686500938e-04	-1.310167e-01	-5.415168e-01	-1.182342e-01
5.042983647545981e-04	-1.350207e-01	-5.748016e-01	-1.040827e-01
5.044518449229541e-04	-1.398406e-01	-6.099969e-01	-8.238411e-02
5.046348692899906e-04	-1.455881e-01	-6.459534e-01	-5.311024e-02
5.048072411025933e-04	-1.510010e-01	-6.745024e-01	-2.459657e-02
5.049739636780313e-04	-1.562362e-01	-6.978360e-01	1.932220e-03
5.051399545303536e-04	-1.614484e-01	-7.177853e-01	2.579468e-02
5.053529438872505e-04	-1.681360e-01	-7.401531e-01	5.205338e-02
5.055935342020225e-04	-1.756899e-01	-7.626557e-01	7.630690e-02
5.058729473733340e-04	-1.844622e-01	-7.863206e-01	9.826221e-02
5.062420445982571e-04	-1.960493e-01	-8.153642e-01	1.206578e-01
5.065838706676863e-04	-2.067794e-01	-8.409692e-01	1.371709e-01
5.069199425036526e-04	-2.173279e-01	-8.653591e-01	1.508041e-01
5.072767437412079e-04	-2.285260e-01	-8.907749e-01	1.638175e-01
5.081795079545885e-04	-2.568537e-01	-9.539077e-01	1.941172e-01
5.101267772483990e-04	-3.179446e-01	-1.086235e+00	2.563394e-01
5.120740465422094e-04	-3.789670e-01	-1.217345e+00	3.183093e-01
5.140213158360198e-04	-4.399208e-01	-1.347239e+00	3.800270e-01
5.159685851298302e-04	-5.008062e-01	-1.475916e+00	4.414924e-01
5.179158544236406e-04	-5.616230e-01	-1.603376e+00	5.027057e-01
5.198631237174511e-04	-6.223713e-01	-1.729620e+00	5.636667e-01
5.218103930112615e-04	-6.830511e-01	-1.854647e+00	6.243755e-01
5.364588305112615e-04	-1.135396e+00	-2.783859e+00	1.078399e+00
5.469220001541186e-04	-1.456054e+00	-3.435902e+00	1.400211e+00
5.573851697969758e-04	-1.767182e+00	-4.067755e+00	1.712676e+00
5.678483394398329e-04	-2.068780e+00	-4.679419e+00	2.015794e+00
5.783115090826901e-04	-2.360848e+00	-5.270895e+00	2.309564e+00
5.887746787255473e-04	-2.643388e+00	-5.842181e+00	2.593988e+00
5.992378483684045e-04	-2.916397e+00	-6.393278e+00	2.869063e+00
6.097010180112616e-04	-3.179877e+00	-6.924187e+00	3.134792e+00
6.208617322969759e-04	-3.445078e+00	-7.459057e+00	3.402909e+00
6.320224465826902e-04	-3.690613e+00	-7.954269e+00	3.651342e+00
6.431831608684045e-04	-3.916483e+00	-8.409823e+00	3.880091e+00
6.543438751541188e-04	-4.122688e+00	-8.825719e+00	4.089156e+00
6.655045894398330e-04	-4.309227e+00	-9.201956e+00	4.278538e+00
6.766653037255473e-04	-4.476100e+00	-9.538535e+00	4.448235e+00
6.878260180112616e-04	-4.623308e+00	-9.835456e+00	4.598249e+00
6.911067196179044e-04	-4.661569e+00	-9.904325e+00	4.623752e+00
6.930803570495444e-04	-4.683641e+00	-9.929131e+00	4.610814e+00
6.950539944811844e-04	-4.704985e+00	-9.949775e+00	4.591128e+00
6.970276319128245e-04	-4.725601e+00	-9.966256e+00	4.564696e+00
6.990012693444645e-04	-4.745489e+00	-9.978575e+00	4.531517e+00
7.009749067761045e-04	-4.764649e+00	-9.986731e+00	4.491592e+00
7.029485442077445e-04	-4.783081e+00	-9.990725e+00	4.444919e+00
7.049221816393846e-04	-4.800786e+00	-9.990556e+00	4.391500e+00
7.145966460457379e-04	-4.877066e+00	-9.992991e+00	4.167469e+00
7.242711104520912e-04	-4.935000e+00	-9.994867e+00	3.996771e+00
7.339455748584445e-04	-4.974588e+00	-9.996183e+00	3.879406e+00
7.436200392647979e-04	-4.995830e+00	-9.996940e+00	3.815374e+00
7.532945036711512e-04	-4.998727e+00	-9.997138e+00	3.804675e+00
7.629689680775045e-04	-4.983277e+00	-9.996776e+00	3.847309e+00
7.726434324838578e-04	-4.949481e+00	-9.995854e+00	3.943275e+00
7.824090574838578e-04	-4.896693e+00	-9.995786e+00	4.098088e+00
7.921746824838578e-04	-4.825474e+00	-9.994755e+00	4.306266e+00
7.970574949838578e-04	-4.783034e+00	-9.992062e+00	4.426045e+00
8.047273607956597e-04	-4.707298e+00	-9.973001e+00	4.614635e+00
8.075157058153099e-04	-4.677046e+00	-9.952829e+00	4.668232e+00
8.079719389810256e-04	-4.671959e+00	-9.947662e+00	4.674740e+00
8.084281721467412e-04	-4.666834e+00	-9.941343e+00	4.679210e+00
8.088844053124569e-04	-4.661670e+00	-9.933874e+00	4.681642e+00
8.093406384781725e-04	-4.656468e+00	-9.925253e+00	4.682036e+00
8.097968716438882e-04	-4.651228e+00	-9.915482e+00	4.680392e+00
8.102531048096038e-04	-4.645949e+00	-9.904560e+00	4.676710e+00
8.107093379753196e-04	-4.640633e+00	-9.892487e+00	4.670990e+00
8.121906392097903e-04	-4.623105e+00	-9.855507e+00	4.649153e+00
8.136719404442611e-04	-4.605181e+00	-9.818128e+00	4.628003e+00
8.151532416787318e-04	-4.586859e+00	-9.780350e+00	4.607540e+00
8.166345429132025e-04	-4.568141e+00	-9.742173e+00	4.587762e+00
8.181158441476732e-04	-4.549026e+00	-9.703596e+00	4.568672e+00
8.195971453821440e-04	-4.529515e+00	-9.664620e+00	4.550268e+00
8.210784466166147e-04	-4.509606e+00	-9.625245e+00	4.532550e+00
8.350293394737576e-04	-4.297763e+00	-9.200996e+00	4.325025e+00
8.489802323309004e-04	-4.058150e+00	-8.720528e+00	4.089526e+00
8.629311251880434e-04	-3.790766e+00	-8.183841e+00	3.826051e+00
8.768820180451862e-04	-3.495612e+00	-7.590934e+00	3.534601e+00
8.908329109023291e-04	-3.172687e+00	-6.941809e+00	3.215177e+00
9.047838037594720e-04	-2.821992e+00	-6.236465e+00	2.867777e+00
9.187346966166148e-04	-2.443526e+00	-5.474902e+00	2.492403e+00
9.271052323309005e-04	-2.209122e+00	-5.003251e+00	2.259576e+00
9.354757680451862e-04	-1.970297e+00	-4.521259e+00	2.022236e+00
9.438463037594719e-04	-1.727050e+00	-4.028927e+00	1.780384e+00
9.522168394737576e-04	-1.479380e+00	-3.526254e+00	1.534020e+00
9.605873751880433e-04	-1.227289e+00	-3.013241e+00	1.283144e+00
9.689579109023290e-04	-9.707764e-01	-2.489887e+00	1.027755e+00
9.773284466166147e-04	-7.098415e-01	-1.956193e+00	7.678540e-01
9.870940716166145e-04	-4.050075e-01	-1.322187e+00	4.646947e-01
9.919768841166144e-04	-2.519469e-01	-9.946202e-01	3.133799e-01
9.968596966166143e-04	-9.864914e-02	-6.529729e-01	1.641866e-01
9.987864658180961e-04	-3.812393e-02	-5.078341e-01	1.080650e-01
9.997244839779068e-04	-8.655587e-03	-4.290486e-01	8.365537e-02
1.000396239755953e-03	1.244823e-02	-3.654547e-01	6.932784e-02
1.000811740946083e-03	2.550148e-02	-3.204238e-01	6.338973e-02
1.001197313946203e-03	3.761437e-02	-2.718061e-01	6.162222e-02
1.001552412263414e-03	4.876970e-02	-2.197983e-01	6.389206e-02
1.001810956027461e-03	5.689164e-02	-1.759906e-01	6.843498e-02
1.002065551238466e-03	6.488939e-02	-1.267547e-01	7.532097e-02
1.002340773331775e-03	7.353491e-02	-6.625120e-02	8.463126e-02
1.002768455799615e-03	8.696922e-02	4.000534e-02	1.008800e-01
1.003168856919625e-03	9.954600e-02	1.512603e-01	1.167532e-01
1.003598648008899e-03	1.130452e-01	2.809909e-01	1.336323e-01
1.003824792388384e-03	1.201478e-01	3.514576e-01	1.417747e-01
1.003977375232815e-03	1.249399e-01	3.972109e-01	1.460389e-01
1.004157356039914e-03	1.305923e-01	4.463867e-01	1.492945e-01
1.004224041083519e-03	1.326866e-01	4.623960e-01	1.498713e-01
1.004276871865498e-03	1.343457e-01	4.733033e-01	1.499315e-01
1.004348431710600e-03	1.365930e-01	4.861543e-01	1.497436e-01
1.004424365055612e-03	1.389776e-01	4.977089e-01	1.494070e-01
1.004511251009560e-03	1.417062e-01	5.087176e-01	1.490250e-01
1.004569017270984e-03	1.435202e-01	5.148221e-01	1.488820e-01
1.004630032175076e-03	1.454362e-01	5.202290e-01	1.489322e-01
1.004703761770297e-03	1.477515e-01	5.258277e-01	1.492983e-01
1.004784397268708e-03	1.502836e-01	5.310981e-01	1.500920e-01
1.004873875056662e-03	1.530934e-01	5.361721e-01	1.514596e-01
1.004992230609031e-03	1.568098e-01	5.421183e-01	1.539029e-01
1.005134093815667e-03	1.612643e-01	5.486264e-01	1.574720e-01
1.005282377233325e-03	1.659203e-01	5.550210e-01	1.616867e-01
1.005461375175025e-03	1.715405e-01	5.624565e-01	1.671064e-01
1.005675569006510e-03	1.782655e-01	5.711617e-01	1.737538e-01
1.006792518470214e-03	2.133285e-01	6.149728e-01	2.086806e-01
1.007900673329730e-03	2.481050e-01	6.567813e-01	2.433591e-01
1.010116983048763e-03	3.176204e-01	7.376424e-01	3.127329e-01
1.013705608867779e-03	4.300424e-01	8.643164e-01	4.250087e-01
1.017501082302797e-03	5.487053e-01	9.944780e-01	5.435613e-01
1.022383894802797e-03	7.008948e-01	1.158080e+00	6.956431e-01
1.032149519802797e-03	1.003152e+00	1.477101e+00	9.978009e-01
1.042612689445653e-03	1.326036e+00	1.811405e+00	1.320636e+00
1.053075859088510e-03	1.639916e+00	2.135365e+00	1.634494e+00
1.063539028731367e-03	1.944791e+00	2.448981e+00	1.939374e+00
1.074002198374224e-03	2.240662e+00	2.752252e+00	2.235276e+00
1.084465368017081e-03	2.527529e+00	3.045179e+00	2.522201e+00
1.094928537659938e-03	2.805391e+00	3.327762e+00	2.800148e+00
1.105391707302795e-03	3.074250e+00	3.600000e+00	3.069118e+00
1.122132778731366e-03	3.479265e+00	4.010520e+00	3.474362e+00
1.138873850159937e-03	3.837453e+00	4.373528e+00	3.832822e+00
1.155614921588508e-03	4.148813e+00	4.689024e+00	4.144499e+00
1.172355993017079e-03	4.413345e+00	4.957009e+00	4.409392e+00
1.189097064445650e-03	4.631049e+00	5.177483e+00	4.627502e+00
1.205838135874221e-03	4.801925e+00	5.350445e+00	4.798828e+00
1.222579207302792e-03	4.925974e+00	5.475895e+00	4.923370e+00
1.243505546588506e-03	4.989492e+00	5.540891e+00	4.987560e+00
1.264431885874220e-03	4.971788e+00	5.523760e+00	4.970525e+00
1.285358225159934e-03	4.872860e+00	5.424502e+00	4.872266e+00
1.306284564445648e-03	4.692709e+00	5.243116e+00	4.692783e+00
1.327210903731362e-03	4.431335e+00	4.979603e+00	4.432076e+00
1.348137243017076e-03	4.088738e+00	4.633963e+00	4.090144e+00
1.369063582302789e-03	3.664918e+00	4.206195e+00	3.666989e+00
1.380921841231360e-03	3.397306e+00	3.936077e+00	3.399722e+00
1.392780100159932e-03	3.115000e+00	3.650245e+00	3.117740e+00
1.404638359088503e-03	2.818001e+00	3.348700e+00	2.821043e+00
1.416496618017074e-03	2.506308e+00	3.031440e+00	2.509631e+00
1.428354876945645e-03	2.179921e+00	2.698467e+00	2.183503e+00
1.440213135874216e-03	1.838840e+00	2.349780e+00	1.842660e+00
1.452071394802788e-03	1.483066e+00	1.985380e+00	1.487101e+00
1.456256662659930e-03	1.356779e+00	1.855612e+00	1.360884e+00
1.460441930517073e-03	1.229775e+00	1.724291e+00	1.233941e+00
1.464627198374216e-03	1.102054e+00	1.591414e+00	1.106274e+00
1.468812466231359e-03	9.736153e-01	1.456984e+00	9.778820e-01
1.472997734088501e-03	8.444597e-01	1.320998e+00	8.487648e-01
1.477183001945644e-03	7.145869e-01	1.183459e+00	7.189227e-01
1.481368269802787e-03	5.839970e-01	1.044364e+00	5.883555e-01
1.486251082302787e-03	4.313979e-01	8.777561e-01	4.357417e-01
1.491133894802787e-03	2.783929e-01	7.034558e-01	2.826233e-01
1.496016707302787e-03	1.251258e-01	5.160505e-01	1.289762e-01
1.497976819271923e-03	6.355838e-02	4.301780e-01	6.687601e-02
1.499175407114456e-03	2.590523e-02	3.668908e-01	2.841358e-02
1.499932951155701e-03	2.106402e-03	3.164222e-01	3.509939e-03
1.500631689969540e-03	-1.984507e-02	2.529290e-01	-2.050021e-02
1.501426000029730e-03	-4.479851e-02	1.509421e-01	-4.940252e-02
1.502111440517581e-03	-6.633092e-02	2.695790e-02	-7.565378e-02
1.502846207853810e-03	-8.941149e-02	-1.449923e-01	-1.044727e-01
1.503232757208649e-03	-1.015531e-01	-2.516647e-01	-1.193682e-01
1.503469548732739e-03	-1.089905e-01	-3.236930e-01	-1.278720e-01
1.503603500112893e-03	-1.131976e-01	-3.661796e-01	-1.319850e-01
1.503697255414579e-03	-1.161423e-01	-3.964115e-01	-1.340609e-01
1.503793031721862e-03	-1.191503e-01	-4.273307e-01	-1.350192e-01
1.503884973985980e-03	-1.220379e-01	-4.565500e-01	-1.340749e-01
1.504033293373229e-03	-1.266961e-01	-5.020242e-01	-1.283329e-01
1.504167296067727e-03	-1.309045e-01	-5.405298e-01	-1.184058e-01
1.504309101293467e-03	-1.353579e-01	-5.774945e-01	-1.026085e-01
1.504451682397395e-03	-1.398355e-01	-6.100538e-01	-8.239055e-02
1.504644365673796e-03	-1.458863e-01	-6.475770e-01	-5.146360e-02
1.504821380556288e-03	-1.514450e-01	-6.766257e-01	-2.224834e-02
1.504989247081881e-03	-1.567162e-01	-6.998243e-01	4.291325e-03
1.505156355773558e-03	-1.619634e-01	-7.196255e-01	2.799548e-02
1.505382569420530e-03	-1.690662e-01	-7.430680e-01	5.536125e-02
1.505619841059927e-03	-1.765158e-01	-7.650003e-01	7.868824e-02
1.505909994597341e-03	-1.856253e-01	-7.893370e-01	1.008350e-01
1.506274149482947e-03	-1.970572e-01	-8.178309e-01	1.224199e-01
1.506600284218247e-03	-2.072946e-01	-8.421814e-01	1.379087e-01
1.506936569639094e-03	-2.178498e-01	-8.665511e-01	1.514317e-01
1.507708274337122e-03	-2.420679e-01	-9.211117e-01	1.785694e-01
1.509061823338481e-03	-2.845370e-01	-1.014161e+00	2.222645e-01
1.510415372339840e-03	-3.269786e-01	-1.106350e+00	2.657188e-01
1.511768921341198e-03	-3.693928e-01	-1.197679e+00	3.089323e-01
1.513122470342557e-03	-4.117796e-01	-1.288148e+00	3.519048e-01
1.514476019343916e-03	-4.541390e-01	-1.377756e+00	3.946366e-01
1.515829568345275e-03	-4.964709e-01	-1.466504e+00	4.371274e-01
1.517183117346633e-03	-5.387754e-01	-1.554393e+00	4.793774e-01
1.531831554846633e-03	-9.933641e-01	-2.493392e+00	9.358686e-01
1.541597179846633e-03	-1.294652e+00	-3.107305e+00	1.238178e+00
1.551362804846633e-03	-1.588388e+00	-3.704883e+00	1.533087e+00
1.561128429846632e-03	-1.874571e+00	-4.286128e+00	1.820596e+00
1.570894054846632e-03	-2.153201e+00	-4.851037e+00	2.100705e+00
1.580659679846632e-03	-2.424279e+00	-5.399613e+00	2.373414e+00
1.590425304846632e-03	-2.687804e+00	-5.931854e+00	2.638723e+00
1.600190929846632e-03	-2.943777e+00	-6.447761e+00	2.896633e+00
1.612746733418060e-03	-3.257067e+00	-7.079723e+00	3.213004e+00
1.625302536989488e-03	-3.546051e+00	-7.662646e+00	3.505095e+00
1.637858340560917e-03	-3.810727e+00	-8.196529e+00	3.772906e+00
1.650414144132345e-03	-4.051096e+00	-8.681372e+00	4.016438e+00
1.662969947703773e-03	-4.267157e+00	-9.117176e+00	4.235690e+00
1.675525751275202e-03	-4.458912e+00	-9.503940e+00	4.430662e+00
1.688081554846630e-03	-4.626359e+00	-9.841663e+00	4.601354e+00
1.692515510578332e-03	-4.677392e+00	-9.925948e+00	4.622387e+00
1.694679826555554e-03	-4.700995e+00	-9.946634e+00	4.596308e+00
1.696844142532776e-03	-4.723719e+00	-9.963632e+00	4.564853e+00
1.699008458509999e-03	-4.745564e+00	-9.976941e+00	4.528023e+00
1.701172774487221e-03	-4.766530e+00	-9.986561e+00	4.485818e+00
1.703337090464444e-03	-4.786618e+00	-9.992494e+00	4.438237e+00
1.705501406441666e-03	-4.805828e+00	-9.994737e+00	4.385281e+00
1.707665722418889e-03	-4.824158e+00	-9.993293e+00	4.326951e+00
1.716808393899840e-03	-4.891662e+00	-9.995615e+00	4.129990e+00
1.726574018899839e-03	-4.945936e+00	-9.995844e+00	3.966567e+00
1.736339643899839e-03	-4.981594e+00	-9.995865e+00	3.857461e+00
1.746105268899839e-03	-4.998503e+00	-9.995869e+00	3.804284e+00
1.755870893899839e-03	-4.996599e+00	-9.995868e+00	3.807261e+00
1.765636518899839e-03	-4.975888e+00	-9.995863e+00	3.866383e+00
1.775402143899838e-03	-4.936450e+00	-9.995848e+00	3.981412e+00
1.785167768899838e-03	-4.878431e+00	-9.995708e+00	4.151721e+00
1.794933393899838e-03	-4.802052e+00	-9.993723e+00	4.372932e+00
1.798786825966748e-03	-4.766922e+00	-9.989787e+00	4.469506e+00
1.805317973588836e-03	-4.701011e+00	-9.970318e+00	4.628080e+00
1.807817413446475e-03	-4.673686e+00	-9.949473e+00	4.672324e+00
1.808259411649012e-03	-4.668734e+00	-9.943633e+00	4.677460e+00
1.808701409851549e-03	-4.663746e+00	-9.936771e+00	4.680668e+00
1.809143408054087e-03	-4.658722e+00	-9.928885e+00	4.681947e+00
1.809585406256624e-03	-4.653662e+00	-9.919977e+00	4.681298e+00
1.810027404459162e-03	-4.648566e+00	-9.910045e+00	4.678720e+00
1.810469402661699e-03	-4.643434e+00	-9.899091e+00	4.674213e+00
1.810911400864236e-03	-4.638266e+00	-9.887115e+00	4.667777e+00
1.812151693242136e-03	-4.623572e+00	-9.856179e+00	4.649292e+00
1.813391985620035e-03	-4.608600e+00	-9.825003e+00	4.631465e+00
1.814632277997935e-03	-4.593349e+00	-9.793586e+00	4.614295e+00
1.815872570375834e-03	-4.577819e+00	-9.761928e+00	4.597783e+00
1.817112862753734e-03	-4.562011e+00	-9.730031e+00	4.581928e+00
1.818353155131633e-03	-4.545924e+00	-9.697892e+00	4.566731e+00
1.819593447509533e-03	-4.529559e+00	-9.665513e+00	4.552191e+00
1.833447348210181e-03	-4.323040e+00	-9.251797e+00	4.349900e+00
1.847301248910829e-03	-4.088840e+00	-8.782104e+00	4.119747e+00
1.861155149611478e-03	-3.826958e+00	-8.256432e+00	3.861732e+00
1.875009050312126e-03	-3.537393e+00	-7.674781e+00	3.575855e+00
1.888862951012774e-03	-3.220147e+00	-7.037153e+00	3.262115e+00
1.902716851713422e-03	-2.875219e+00	-6.343547e+00	2.920513e+00
1.916570752414071e-03	-2.502609e+00	-5.593962e+00	2.551050e+00
1.925638832771213e-03	-2.249886e+00	-5.085837e+00	2.300049e+00
1.934706913128356e-03	-1.992004e+00	-4.565536e+00	2.043789e+00
1.943774993485499e-03	-1.728961e+00	-4.033060e+00	1.782270e+00
1.952843073842642e-03	-1.460759e+00	-3.488409e+00	1.515491e+00
1.961911154199784e-03	-1.187396e+00	-2.931583e+00	1.243452e+00
1.970979234556927e-03	-9.088739e-01	-2.362582e+00	9.661540e-01
1.980047314914070e-03	-6.251914e-01	-1.781406e+00	6.835964e-01
1.984930127414070e-03	-4.727269e-01	-1.464357e+00	5.319546e-01
1.989812939914069e-03	-3.198175e-01	-1.141246e+00	3.803100e-01
1.994695752414069e-03	-1.666070e-01	-8.051157e-01	2.300932e-01
1.998823723485719e-03	-3.695348e-02	-5.002115e-01	1.078495e-01
2.000133386387577e-03	4.190457e-03	-3.878026e-01	7.542493e-02
2.000926663170035e-03	2.911182e-02	-3.043729e-01	6.316373e-02
2.001330549890563e-03	4.179997e-02	-2.518243e-01	6.216594e-02
2.001718332484346e-03	5.398196e-02	-1.916826e-01	6.633343e-02
2.001900058681760e-03	5.969069e-02	-1.591548e-01	7.033028e-02
2.002142382821047e-03	6.730291e-02	-1.096192e-01	7.776839e-02
2.002512622241996e-03	7.893308e-02	-2.478876e-02	9.097875e-02
2.002860420351370e-03	8.985792e-02	6.427900e-02	1.044595e-01
2.003198132750022e-03	1.004655e-01	1.601644e-01	1.179190e-01
2.003633553938253e-03	1.141415e-01	2.925575e-01	1.348891e-01
2.003854003683419e-03	1.210653e-01	3.609983e-01	1.426304e-01
2.004007904409501e-03	1.258987e-01	4.064663e-01	1.466794e-01
2.004179406344159e-03	1.312848e-01	4.521030e-01	1.494325e-01
2.004295678521839e-03	1.349363e-01	4.772132e-01	1.498402e-01
2.004365326305936e-03	1.371236e-01	4.891162e-01	1.496035e-01
2.004451228249070e-03	1.398212e-01	5.015662e-01	1.492013e-01
2.004518700493668e-03	1.419401e-01	5.097367e-01	1.489251e-01
2.004579356186633e-03	1.438449e-01	5.158645e-01	1.488151e-01
2.004645782095206e-03	1.459308e-01	5.215356e-01	1.489369e-01
2.004729122117431e-03	1.485479e-01	5.276074e-01	1.494603e-01
2.004806270212902e-03	1.509705e-01	5.324339e-01	1.503466e-01
2.004908133695130e-03	1.541691e-01	5.379755e-01	1.520825e-01
2.005031358747843e-03	1.580385e-01	5.439784e-01	1.548117e-01
2.005177054169645e-03	1.626133e-01	5.505144e-01	1.586487e-01
2.005330362161337e-03	1.674270e-01	5.570374e-01	1.631145e-01
2.005523180643337e-03	1.734810e-01	5.649861e-01	1.690142e-01
2.005734684303236e-03	1.801214e-01	5.735400e-01	1.755989e-01
2.006358266454334e-03	1.996977e-01	5.981821e-01	1.950975e-01
2.007084502533458e-03	2.224927e-01	6.260990e-01	2.178164e-01
2.008536974691706e-03	2.680684e-01	6.802570e-01	2.632760e-01
2.011441919008201e-03	3.591489e-01	7.849001e-01	3.541987e-01
2.015068844110232e-03	4.726947e-01	9.113999e-01	4.676129e-01
2.019602636576689e-03	6.142792e-01	1.065272e+00	6.090795e-01
2.029368261576688e-03	9.174041e-01	1.387203e+00	9.120753e-01
2.038436341933831e-03	1.197969e+00	1.678798e+00	1.192587e+00
2.047504422290974e-03	1.472477e+00	1.963078e+00	1.467062e+00
2.056572502648116e-03	1.740928e+00	2.240043e+00	1.735502e+00
2.065640583005259e-03	2.003322e+00	2.509692e+00	1.997906e+00
2.074708663362402e-03	2.259659e+00	2.772026e+00	2.254275e+00
2.083776743719545e-03	2.509939e+00	3.027045e+00	2.504607e+00
2.092844824076687e-03	2.754162e+00	3.274749e+00	2.748904e+00
2.108190806219544e-03	3.150229e+00	3.676707e+00	3.145136e+00
2.123536788362401e-03	3.509688e+00	4.041383e+00	3.504802e+00
2.138882770505258e-03	3.832539e+00	4.368778e+00	3.827900e+00
2.154228752648114e-03	4.118782e+00	4.658891e+00	4.114432e+00
2.169574734790971e-03	4.368417e+00	4.911723e+00	4.364397e+00
2.184920716933828e-03	4.581445e+00	5.127274e+00	4.577795e+00
2.200266699076685e-03	4.757865e+00	5.305544e+00	4.754626e+00
2.223285672290970e-03	4.924972e+00	5.475096e+00	4.922431e+00
2.246304645505255e-03	4.991926e+00	5.543456e+00	4.990092e+00
2.269323618719541e-03	4.958726e+00	5.510623e+00	4.957609e+00
2.292342591933826e-03	4.825373e+00	5.376598e+00	4.824982e+00
2.315361565148111e-03	4.591866e+00	5.141381e+00	4.592210e+00
2.338380538362396e-03	4.258206e+00	4.804972e+00	4.259295e+00
2.361399511576681e-03	3.824392e+00	4.367371e+00	3.826235e+00
2.373257770505253e-03	3.569907e+00	4.110576e+00	3.572105e+00
2.385116029433823e-03	3.299622e+00	3.837117e+00	3.302154e+00
2.396974288362395e-03	3.013537e+00	3.546993e+00	3.016384e+00
2.408832547290966e-03	2.711652e+00	3.240203e+00	2.714793e+00
2.420690806219537e-03	2.393967e+00	2.916749e+00	2.397382e+00
2.432549065148108e-03	2.060482e+00	2.576630e+00	2.064151e+00
2.444407324076680e-03	1.711197e+00	2.219845e+00	1.715100e+00
2.449290136576679e-03	1.565930e+00	2.071139e+00	1.569922e+00
2.454172949076679e-03	1.419537e+00	1.920455e+00	1.423610e+00
2.459055761576679e-03	1.272019e+00	1.767792e+00	1.276163e+00
2.463938574076679e-03	1.123374e+00	1.613152e+00	1.127582e+00
2.468821386576679e-03	9.736023e-01	1.456533e+00	9.778660e-01
2.473704199076679e-03	8.227049e-01	1.297936e+00	8.270156e-01
2.478587011576679e-03	6.706812e-01	1.137361e+00	6.750306e-01
2.483469824076679e-03	5.183776e-01	9.732702e-01	5.227360e-01
2.488352636576679e-03	3.655862e-01	8.041040e-01	3.699013e-01
2.493235449076679e-03	2.124507e-01	6.251418e-01	2.165769e-01
2.497089079515693e-03	9.144416e-02	4.695030e-01	9.504166e-02
2.498764986614465e-03	3.879870e-02	3.892004e-01	4.163718e-02
2.499747348029103e-03	7.937293e-03	3.293634e-01	9.657511e-03
2.500463373441876e-03	-1.455729e-02	2.700813e-01	-1.459758e-02
2.501225881150405e-03	-3.851181e-02	1.795638e-01	-4.196658e-02
2.502003834541854e-03	-6.295066e-02	4.781637e-02	-7.149974e-02
2.502725113189786e-03	-8.560777e-02	-1.161599e-01	-9.957927e-02
2.503353332862635e-03	-1.053403e-01	-2.892200e-01	-1.233600e-01
2.503596496822972e-03	-1.129777e-01	-3.637724e-01	-1.312957e-01
2.503735077751052e-03	-1.173302e-01	-4.082595e-01	-1.342686e-01
2.503839917315688e-03	-1.206229e-01	-4.419833e-01	-1.347641e-01
2.503937939796321e-03	-1.237014e-01	-4.729194e-01	-1.330178e-01
2.504051295496680e-03	-1.272615e-01	-5.072383e-01	-1.276392e-01
2.504192187045733e-03	-1.316862e-01	-5.471813e-01	-1.162091e-01
2.504319192067067e-03	-1.356748e-01	-5.797899e-01	-1.014943e-01
2.504478720257731e-03	-1.406846e-01	-6.155177e-01	-7.832840e-02
2.504669843650532e-03	-1.466864e-01	-6.520245e-01	-4.742441e-02
2.504840228922913e-03	-1.520368e-01	-6.793633e-01	-1.933037e-02
2.505011045319144e-03	-1.574006e-01	-7.025049e-01	7.418601e-03
2.505181126029328e-03	-1.627411e-01	-7.222803e-01	3.107475e-02
2.505429834367924e-03	-1.705502e-01	-7.475881e-01	6.032920e-02
2.505659606411380e-03	-1.777643e-01	-7.684795e-01	8.208629e-02
2.505970063634447e-03	-1.875111e-01	-7.941527e-01	1.047513e-01
2.506330787545663e-03	-1.988351e-01	-8.221353e-01	1.253584e-01
2.506640014082848e-03	-2.085417e-01	-8.450967e-01	1.396230e-01
2.506978350981643e-03	-2.191611e-01	-8.695441e-01	1.530000e-01
2.507765357551608e-03	-2.438591e-01	-9.250998e-01	1.804722e-01
2.509208315019258e-03	-2.891326e-01	-1.024126e+00	2.269690e-01
2.510651272486908e-03	-3.343740e-01	-1.122231e+00	2.732214e-01
2.512094229954557e-03	-3.795835e-01	-1.219414e+00	3.192293e-01
2.513537187422207e-03	-4.247608e-01	-1.315674e+00	3.649927e-01
2.514980144889857e-03	-4.699062e-01	-1.411013e+00	4.105117e-01
2.516423102357507e-03	-5.150195e-01	-1.505430e+00	4.557862e-01
2.517866059825157e-03	-5.601007e-01	-1.598924e+00	5.008162e-01
2.532514497325156e-03	-1.014382e+00	-2.536431e+00	9.569602e-01
2.542977666968013e-03	-1.337087e+00	-3.193593e+00	1.280769e+00
2.553440836610870e-03	-1.650742e+00	-3.831361e+00	1.595707e+00
2.563904006253727e-03	-1.955349e+00	-4.449735e+00	1.901773e+00
2.574367175896584e-03	-2.250906e+00	-5.048716e+00	2.198968e+00
2.584830345539441e-03	-2.537414e+00	-5.628302e+00	2.487292e+00
2.595293515182298e-03	-2.814874e+00	-6.188495e+00	2.766745e+00
2.605756684825155e-03	-3.083284e+00	-6.729294e+00	3.037327e+00
2.617432983995309e-03	-3.366605e+00	-7.300615e+00	3.323464e+00
2.629109283165463e-03	-3.628629e+00	-7.829061e+00	3.588402e+00
2.640785582335618e-03	-3.869355e+00	-8.314635e+00	3.832142e+00
2.652461881505772e-03	-4.088784e+00	-8.757334e+00	4.054682e+00
2.664138180675926e-03	-4.286916e+00	-9.157160e+00	4.256024e+00
2.675814479846080e-03	-4.463750e+00	-9.514113e+00	4.436167e+00
2.687490779016235e-03	-4.619287e+00	-9.828192e+00	4.595111e+00
2.690453110910488e-03	-4.654104e+00	-9.892628e+00	4.621530e+00
2.692496423976100e-03	-4.677188e+00	-9.921486e+00	4.614020e+00
2.694539737041713e-03	-4.699492e+00	-9.945378e+00	4.598256e+00
2.696583050107326e-03	-4.721018e+00	-9.964306e+00	4.574237e+00
2.698626363172939e-03	-4.741764e+00	-9.978269e+00	4.541964e+00
2.700669676238551e-03	-4.761731e+00	-9.987268e+00	4.501436e+00
2.702712989304165e-03	-4.780918e+00	-9.991301e+00	4.452654e+00
2.704756302369777e-03	-4.799327e+00	-9.990369e+00	4.395617e+00
2.713128096569749e-03	-4.866640e+00	-9.992796e+00	4.198780e+00
2.721499890769721e-03	-4.920232e+00	-9.994675e+00	4.041458e+00
2.729871684969692e-03	-4.960105e+00	-9.996008e+00	3.923652e+00
2.738243479169664e-03	-4.986258e+00	-9.996793e+00	3.845361e+00
2.746615273369635e-03	-4.998691e+00	-9.997031e+00	3.806586e+00
2.754987067569607e-03	-4.997404e+00	-9.996721e+00	3.807326e+00
2.763358861769578e-03	-4.982397e+00	-9.995865e+00	3.847582e+00
2.773124486769578e-03	-4.947316e+00	-9.995853e+00	3.949606e+00
2.782890111769578e-03	-4.893614e+00	-9.995776e+00	4.107131e+00
2.792655736769578e-03	-4.821494e+00	-9.994595e+00	4.317735e+00
2.797538549269578e-03	-4.778609e+00	-9.991506e+00	4.438200e+00
2.805251580908886e-03	-4.701721e+00	-9.970076e+00	4.625883e+00
2.807827956352205e-03	-4.673568e+00	-9.949303e+00	4.672458e+00
2.808267519432450e-03	-4.668642e+00	-9.943587e+00	4.677684e+00
2.808707082512696e-03	-4.663681e+00	-9.936822e+00	4.680949e+00
2.809146645592941e-03	-4.658684e+00	-9.929010e+00	4.682253e+00
2.809586208673187e-03	-4.653652e+00	-9.920149e+00	4.681597e+00
2.810025771753432e-03	-4.648584e+00	-9.910240e+00	4.678981e+00
2.810465334833677e-03	-4.643481e+00	-9.899283e+00	4.674404e+00
2.810904897913922e-03	-4.638342e+00	-9.887278e+00	4.667867e+00
2.812155613217170e-03	-4.623526e+00	-9.856084e+00	4.649247e+00
2.813406328520417e-03	-4.608425e+00	-9.824644e+00	4.631285e+00
2.814657043823664e-03	-4.593042e+00	-9.792960e+00	4.613981e+00
2.815907759126911e-03	-4.577375e+00	-9.761030e+00	4.597335e+00
2.817158474430158e-03	-4.561425e+00	-9.728854e+00	4.581346e+00
2.818409189733405e-03	-4.545191e+00	-9.696434e+00	4.566015e+00
2.819659905036652e-03	-4.528674e+00	-9.663768e+00	4.551341e+00
2.833468651538117e-03	-4.322759e+00	-9.251246e+00	4.349633e+00
2.847277398039581e-03	-4.089327e+00	-8.783082e+00	4.120229e+00
2.861086144541045e-03	-3.828376e+00	-8.259276e+00	3.863130e+00
2.874894891042510e-03	-3.539908e+00	-7.679828e+00	3.578337e+00
2.888703637543974e-03	-3.223921e+00	-7.044739e+00	3.265848e+00
2.902512384045438e-03	-2.880417e+00	-6.354008e+00	2.925664e+00
2.916321130546903e-03	-2.509395e+00	-5.607635e+00	2.557785e+00
2.925389210904045e-03	-2.256887e+00	-5.099934e+00	2.307004e+00
2.934457291261188e-03	-1.999194e+00	-4.580032e+00	2.050938e+00
2.943525371618331e-03	-1.736317e+00	-4.047928e+00	1.789588e+00
2.952593451975473e-03	-1.468257e+00	-3.503623e+00	1.522953e+00
2.961661532332616e-03	-1.195012e+00	-2.947117e+00	1.251033e+00
2.970729612689759e-03	-9.165837e-01	-2.378409e+00	9.738281e-01
2.979797693046901e-03	-6.329712e-01	-1.797500e+00	6.913388e-01
2.984680505546901e-03	-4.805333e-01	-1.480681e+00	5.397130e-01
2.989563318046901e-03	-3.276431e-01	-1.157980e+00	3.880502e-01
2.994446130546901e-03	-1.744445e-01	-8.204317e-01	2.380546e-01
2.999328943046901e-03	-2.108181e-02	-4.517615e-01	9.603739e-02
3.000736768110731e-03	2.314617e-02	-3.196771e-01	6.682277e-02
3.001469422484953e-03	4.616261e-02	-2.255099e-01	6.464394e-02
3.001969245688792e-03	6.186410e-02	-1.419192e-01	7.270166e-02
3.002228520501653e-03	7.000875e-02	-8.905613e-02	8.046754e-02
3.002574204313739e-03	8.086748e-02	-8.336329e-03	9.323269e-02
3.002840571420748e-03	8.923445e-02	6.038107e-02	1.036620e-01
3.003154737529727e-03	9.910251e-02	1.494912e-01	1.161861e-01
3.003613833588682e-03	1.135222e-01	2.884603e-01	1.341921e-01
3.003810082862190e-03	1.196859e-01	3.495440e-01	1.412744e-01
3.003957857865647e-03	1.243270e-01	3.940503e-01	1.454758e-01
3.004131861860096e-03	1.297917e-01	4.421309e-01	1.487915e-01
3.004199256370495e-03	1.319082e-01	4.586254e-01	1.494527e-01
3.004252840448041e-03	1.335910e-01	4.699830e-01	1.495725e-01
3.004326221901248e-03	1.358955e-01	4.835736e-01	1.494377e-01
3.004398762122603e-03	1.381736e-01	4.947865e-01	1.491577e-01
3.004523962844791e-03	1.421053e-01	5.104612e-01	1.486872e-01
3.004595429450927e-03	1.443496e-01	5.176957e-01	1.485971e-01
3.004660053342454e-03	1.463790e-01	5.229823e-01	1.487791e-01
3.004733907048298e-03	1.486982e-01	5.281466e-01	1.493257e-01
3.004814789003483e-03	1.512380e-01	5.330555e-01	1.503353e-01
3.004915985297592e-03	1.544157e-01	5.384457e-01	1.521512e-01
3.005051931059046e-03	1.586844e-01	5.449615e-01	1.552704e-01
3.005190912549512e-03	1.630484e-01	5.511332e-01	1.590103e-01
3.005356295174432e-03	1.682412e-01	5.581226e-01	1.638896e-01
3.005548784752443e-03	1.742849e-01	5.660313e-01	1.698056e-01
3.006036358365968e-03	1.895923e-01	5.855528e-01	1.850308e-01
3.007249700552145e-03	2.276773e-01	6.323583e-01	2.229857e-01
3.008867490133713e-03	2.784363e-01	6.923439e-01	2.736216e-01
3.012103069296849e-03	3.798628e-01	8.083028e-01	3.748882e-01
3.015455366796162e-03	4.847819e-01	9.247317e-01	4.796899e-01
3.020338179296162e-03	6.372052e-01	1.089872e+00	6.319842e-01
3.030103804296162e-03	9.401097e-01	1.411045e+00	9.347746e-01
3.039869429296162e-03	1.242153e+00	1.724524e+00	1.236764e+00
3.049635054296162e-03	1.536831e+00	2.029305e+00	1.531412e+00
3.059400679296161e-03	1.824143e+00	2.325387e+00	1.818719e+00
3.069166304296161e-03	2.104088e+00	2.612771e+00	2.098683e+00
3.078931929296161e-03	2.376668e+00	2.891455e+00	2.371305e+00
3.088697554296161e-03	2.641882e+00	3.161442e+00	2.636586e+00
3.098463179296160e-03	2.899730e+00	3.422729e+00	2.894525e+00
3.114506706081874e-03	3.302550e+00	3.831284e+00	3.297539e+00
3.130550232867588e-03	3.663913e+00	4.197701e+00	3.659138e+00
3.146593759653302e-03	3.983817e+00	4.521979e+00	3.979323e+00
3.162637286439016e-03	4.262264e+00	4.804118e+00	4.258092e+00
3.178680813224730e-03	4.499253e+00	5.044119e+00	4.495447e+00
3.194724340010444e-03	4.694785e+00	5.241981e+00	4.691387e+00
3.210767866796158e-03	4.848859e+00	5.397705e+00	4.845912e+00
3.232391750724729e-03	4.964278e+00	5.515052e+00	4.962005e+00
3.254015634653300e-03	4.991730e+00	5.543502e+00	4.990134e+00
3.275639518581871e-03	4.931213e+00	5.483055e+00	4.930300e+00
3.297263402510442e-03	4.782728e+00	5.333710e+00	4.782503e+00
3.318887286439013e-03	4.546276e+00	5.095467e+00	4.546742e+00
3.340511170367584e-03	4.221855e+00	4.768327e+00	4.223018e+00
3.362135054296155e-03	3.809466e+00	4.352289e+00	3.811331e+00
3.373993313224726e-03	3.553695e+00	4.094190e+00	3.555914e+00
3.385851572153297e-03	3.282229e+00	3.819517e+00	3.284781e+00
3.397709831081868e-03	2.995067e+00	3.528270e+00	2.997933e+00
3.409568090010440e-03	2.692210e+00	3.220450e+00	2.695369e+00
3.421426348939011e-03	2.373657e+00	2.896057e+00	2.377089e+00
3.433284607867582e-03	2.039409e+00	2.555090e+00	2.043093e+00
3.445142866796153e-03	1.689466e+00	2.197550e+00	1.693382e+00
3.450025679296153e-03	1.543968e+00	2.048583e+00	1.547973e+00
3.454908491796153e-03	1.397366e+00	1.897620e+00	1.401450e+00
3.459791304296153e-03	1.249658e+00	1.744662e+00	1.253813e+00
3.464674116796153e-03	1.100845e+00	1.589708e+00	1.105062e+00
3.469556929296153e-03	9.509267e-01	1.432759e+00	9.551979e-01
3.474439741796152e-03	7.999035e-01	1.273814e+00	8.042198e-01
3.479322554296152e-03	6.477752e-01	1.112874e+00	6.521279e-01
3.484205366796152e-03	4.953890e-01	9.481863e-01	4.997453e-01
3.489088179296152e-03	3.425364e-01	7.779148e-01	3.468360e-01
3.493970991796152e-03	1.893616e-01	5.973576e-01	1.934415e-01
3.497219976735859e-03	8.733257e-02	4.644208e-01	9.090891e-02
3.498757599606249e-03	3.903076e-02	3.901429e-01	4.189445e-02
3.499689045978317e-03	9.768902e-03	3.337802e-01	1.159900e-02
3.500405031275523e-03	-1.272442e-02	2.758972e-01	-1.257026e-02
3.501151295425741e-03	-3.616870e-02	1.903096e-01	-3.920414e-02
3.501919872786735e-03	-6.031312e-02	6.435668e-02	-6.824987e-02
3.502656265941464e-03	-8.344518e-02	-1.003197e-01	-9.678347e-02
3.503411647440599e-03	-1.071719e-01	-3.071814e-01	-1.251529e-01
3.503636352666822e-03	-1.142294e-01	-3.760695e-01	-1.322725e-01
3.503753877972241e-03	-1.179206e-01	-4.138932e-01	-1.344652e-01
3.503868107849205e-03	-1.215082e-01	-4.505292e-01	-1.344315e-01
3.503977372395968e-03	-1.249398e-01	-4.847210e-01	-1.317063e-01
3.504087454418575e-03	-1.283970e-01	-5.175182e-01	-1.254404e-01
3.504230061981888e-03	-1.328757e-01	-5.569913e-01	-1.124223e-01
3.504358599814221e-03	-1.369123e-01	-5.889391e-01	-9.641274e-02
3.504528321954849e-03	-1.422422e-01	-6.254101e-01	-7.077250e-02
3.504723468786947e-03	-1.483704e-01	-6.610144e-01	-3.878235e-02
3.504886028386436e-03	-1.534750e-01	-6.858376e-01	-1.221105e-02
3.505070929817740e-03	-1.592810e-01	-7.097077e-01	1.593697e-02
3.505247963428844e-03	-1.648398e-01	-7.294299e-01	3.945287e-02
3.505507285763465e-03	-1.729820e-01	-7.548269e-01	6.810205e-02
3.505742551034177e-03	-1.803684e-01	-7.755515e-01	8.873265e-02
3.506088308954880e-03	-1.912232e-01	-8.034622e-01	1.119385e-01
3.506458467921508e-03	-2.028431e-01	-8.316832e-01	1.314677e-01
3.506786115289188e-03	-2.131275e-01	-8.557119e-01	1.455851e-01
3.507147633019599e-03	-2.244740e-01	-8.816200e-01	1.592222e-01
3.507984121590602e-03	-2.507234e-01	-9.403445e-01	1.877159e-01
3.509694969040437e-03	-3.043991e-01	-1.057110e+00	2.425589e-01
3.511405816490273e-03	-3.580256e-01	-1.172796e+00	2.971569e-01
3.513116663940108e-03	-4.116030e-01	-1.287400e+00	3.515100e-01
3.514827511389943e-03	-4.651312e-01	-1.400924e+00	4.056180e-01
3.516538358839779e-03	-5.186103e-01	-1.513367e+00	4.594809e-01
3.518249206289614e-03	-5.720403e-01	-1.624729e+00	5.130989e-01
3.519960053739449e-03	-6.254211e-01	-1.735010e+00	5.664719e-01
3.534608491239449e-03	-1.078709e+00	-2.668031e+00	1.021512e+00
3.545071660882306e-03	-1.400352e+00	-3.322501e+00	1.344284e+00
3.555534830525163e-03	-1.712689e+00	-3.957157e+00	1.657932e+00
3.565998000168020e-03	-2.015722e+00	-4.572001e+00	1.962456e+00
3.576461169810877e-03	-2.309449e+00	-5.167032e+00	2.257855e+00
3.586924339453734e-03	-2.593872e+00	-5.742250e+00	2.544130e+00
3.597387509096590e-03	-2.868990e+00	-6.297655e+00	2.821280e+00
3.607850678739448e-03	-3.134804e+00	-6.833247e+00	3.089306e+00
3.619292636331600e-03	-3.409388e+00	-7.386892e+00	3.366687e+00
3.630734593923754e-03	-3.663394e+00	-7.899137e+00	3.623578e+00
3.642176551515906e-03	-3.896819e+00	-8.369983e+00	3.859981e+00
3.653618509108059e-03	-4.109664e+00	-8.799429e+00	4.075894e+00
3.665060466700212e-03	-4.301930e+00	-9.187476e+00	4.271318e+00
3.676502424292365e-03	-4.473616e+00	-9.534123e+00	4.446252e+00
3.687944381884518e-03	-4.624722e+00	-9.839371e+00	4.600698e+00
3.689099926101912e-03	-4.638401e+00	-9.865843e+00	4.613975e+00
3.690255470319306e-03	-4.651833e+00	-9.889216e+00	4.621923e+00
3.691411014536700e-03	-4.665019e+00	-9.909490e+00	4.624541e+00
3.692566558754094e-03	-4.677958e+00	-9.926665e+00	4.621830e+00
3.693722102971489e-03	-4.690652e+00	-9.940740e+00	4.613790e+00
3.694877647188882e-03	-4.703099e+00	-9.951717e+00	4.600421e+00
3.696033191406277e-03	-4.715300e+00	-9.959595e+00	4.581722e+00
3.702500330268207e-03	-4.778968e+00	-9.986580e+00	4.448429e+00
3.711438635913262e-03	-4.853958e+00	-9.994832e+00	4.241965e+00
3.720704541382616e-03	-4.915535e+00	-9.995780e+00	4.058798e+00
3.730470166382616e-03	-4.962403e+00	-9.995856e+00	3.916359e+00
3.740235791382616e-03	-4.990593e+00	-9.995867e+00	3.829521e+00
3.750001416382616e-03	-5.000000e+00	-9.995869e+00	3.798735e+00
3.759767041382615e-03	-4.990588e+00	-9.995867e+00	3.824125e+00
3.769532666382615e-03	-4.962392e+00	-9.995859e+00	3.905594e+00
3.779298291382615e-03	-4.915519e+00	-9.995825e+00	4.042798e+00
3.789063916382615e-03	-4.850145e+00	-9.995407e+00	4.234591e+00
3.793946728882615e-03	-4.810595e+00	-9.994193e+00	4.348705e+00
3.798073795755216e-03	-4.773633e+00	-9.990935e+00	4.451602e+00
3.805263424891689e-03	-4.701594e+00	-9.970188e+00	4.626333e+00
3.807822377038669e-03	-4.673631e+00	-9.949381e+00	4.672374e+00
3.810529224508164e-03	-4.642736e+00	-9.897245e+00	4.673619e+00
3.812307020550291e-03	-4.621710e+00	-9.852878e+00	4.647861e+00
3.814084816592417e-03	-4.600112e+00	-9.807847e+00	4.622752e+00
3.815862612634544e-03	-4.577945e+00	-9.762154e+00	4.598292e+00
3.817640408676671e-03	-4.555207e+00	-9.715799e+00	4.574480e+00
3.819418204718798e-03	-4.531898e+00	-9.668781e+00	4.551317e+00
3.821196000760924e-03	-4.508019e+00	-9.621101e+00	4.528803e+00
3.822973796803051e-03	-4.483570e+00	-9.572758e+00	4.506937e+00
3.836924689660193e-03	-4.267064e+00	-9.139302e+00	4.294812e+00
3.850875582517336e-03	-4.023100e+00	-8.650192e+00	4.055001e+00
3.864826475374479e-03	-3.751678e+00	-8.105429e+00	3.787505e+00
3.878777368231621e-03	-3.452797e+00	-7.505014e+00	3.492322e+00
3.892728261088764e-03	-3.126458e+00	-6.848944e+00	3.169453e+00
3.906679153945906e-03	-2.772660e+00	-6.137222e+00	2.818898e+00
3.920630046803049e-03	-2.391404e+00	-5.369846e+00	2.440657e+00
3.929000582517334e-03	-2.155552e+00	-4.895290e+00	2.206346e+00
3.937371118231620e-03	-1.915434e+00	-4.410568e+00	1.967684e+00
3.945741653945905e-03	-1.671050e+00	-3.915679e+00	1.724674e+00
3.954112189660191e-03	-1.422399e+00	-3.410625e+00	1.477313e+00
3.962482725374476e-03	-1.169483e+00	-2.895405e+00	1.225603e+00
3.970853261088762e-03	-9.123001e-01	-2.370018e+00	9.695436e-01
3.979223796803048e-03	-6.508515e-01	-1.834465e+00	7.091343e-01
3.984106609303048e-03	-4.984761e-01	-1.518159e+00	5.575487e-01
3.988989421803047e-03	-3.456317e-01	-1.196339e+00	4.058549e-01
3.993872234303047e-03	-1.924619e-01	-8.619596e-01	2.553615e-01
3.998755046803047e-03	-3.911096e-02	-5.043644e-01	1.098708e-01
4.000151858630828e-03	4.770779e-03	-3.855141e-01	7.496173e-02
4.000931495110632e-03	2.926362e-02	-3.035430e-01	6.303260e-02
4.001347424682528e-03	4.233009e-02	-2.490738e-01	6.227351e-02
4.001744570088142e-03	5.480619e-02	-1.868101e-01	6.691025e-02
4.001936117283658e-03	6.082342e-02	-1.519919e-01	7.132708e-02
4.002192295644095e-03	6.887082e-02	-9.866203e-02	7.943372e-02
4.002572215846142e-03	8.080503e-02	-9.756641e-03	9.325365e-02
4.002946402989027e-03	9.255869e-02	8.863261e-02	1.078923e-01
4.003357393062216e-03	1.054678e-01	2.080090e-01	1.242268e-01
4.003727080054622e-03	1.170790e-01	3.218461e-01	1.383074e-01
4.003905814834972e-03	1.226925e-01	3.769025e-01	1.441311e-01
4.004068684144382e-03	1.278076e-01	4.242429e-01	1.480309e-01
4.004157853857021e-03	1.306080e-01	4.477296e-01	1.493455e-01
4.004270435995323e-03	1.341436e-01	4.725057e-01	1.497779e-01
4.004339211679969e-03	1.363035e-01	4.849612e-01	1.496187e-01
4.004423663292404e-03	1.389556e-01	4.977167e-01	1.492670e-01
4.004529776032498e-03	1.422879e-01	5.107747e-01	1.488698e-01
4.004601349457201e-03	1.445355e-01	5.179086e-01	1.487891e-01
4.004668677968665e-03	1.466498e-01	5.234044e-01	1.489894e-01
4.004744740984456e-03	1.490384e-01	5.287000e-01	1.495696e-01
4.004825868061973e-03	1.515859e-01	5.335905e-01	1.506072e-01
4.004929940269727e-03	1.548539e-01	5.390942e-01	1.525087e-01
4.005067227161529e-03	1.591647e-01	5.456362e-01	1.556965e-01
4.005207094496707e-03	1.635565e-01	5.518202e-01	1.594886e-01
4.005373593513631e-03	1.687844e-01	5.588374e-01	1.644195e-01
4.005569037350468e-03	1.749208e-01	5.668533e-01	1.704355e-01
4.006063935478347e-03	1.904581e-01	5.866429e-01	1.858930e-01
4.007312551936351e-03	2.296498e-01	6.347383e-01	2.249525e-01
4.008977373880355e-03	2.818830e-01	6.963542e-01	2.770611e-01
4.012307017768363e-03	3.862512e-01	8.154737e-01	3.812688e-01
4.015660898909248e-03	4.912080e-01	9.317912e-01	4.861113e-01
4.020543711409248e-03	6.436090e-01	1.096752e+00	6.383847e-01
4.030309336409248e-03	9.464508e-01	1.417699e+00	9.411139e-01
4.040074961409248e-03	1.248406e+00	1.731027e+00	1.243016e+00
4.049840586409247e-03	1.542974e+00	2.035644e+00	1.537555e+00
4.059606211409247e-03	1.830153e+00	2.331551e+00	1.824729e+00
4.069371836409247e-03	2.109944e+00	2.618748e+00	2.104539e+00
4.079137461409247e-03	2.382347e+00	2.897233e+00	2.376985e+00
4.088903086409247e-03	2.647361e+00	3.167008e+00	2.642067e+00
4.098668711409246e-03	2.904988e+00	3.428072e+00	2.899784e+00
4.114712238194961e-03	3.307391e+00	3.836197e+00	3.302382e+00
4.130755764980674e-03	3.668300e+00	4.202148e+00	3.663529e+00
4.146799291766388e-03	3.987714e+00	4.525926e+00	3.983224e+00
4.162842818552102e-03	4.265635e+00	4.807529e+00	4.261467e+00
4.178886345337816e-03	4.502061e+00	5.046959e+00	4.498259e+00
4.194929872123530e-03	4.696992e+00	5.244215e+00	4.693600e+00
4.210973398909244e-03	4.850430e+00	5.399297e+00	4.847489e+00
4.232597282837815e-03	4.964947e+00	5.515736e+00	4.962681e+00
4.254221166766386e-03	4.991523e+00	5.543303e+00	4.989935e+00
4.275845050694957e-03	4.930158e+00	5.481998e+00	4.929252e+00
4.297468934623527e-03	4.780851e+00	5.331822e+00	4.780632e+00
4.319092818552099e-03	4.543602e+00	5.092773e+00	4.544076e+00
4.340716702480670e-03	4.218412e+00	4.764852e+00	4.219582e+00
4.362340586409241e-03	3.805280e+00	4.348060e+00	3.807152e+00
4.374198845337812e-03	3.549151e+00	4.089597e+00	3.551376e+00
4.386057104266383e-03	3.277356e+00	3.814586e+00	3.279914e+00
4.397915363194955e-03	2.989894e+00	3.523027e+00	2.992765e+00
4.409773622123525e-03	2.686767e+00	3.214920e+00	2.689930e+00
4.421631881052096e-03	2.367973e+00	2.890265e+00	2.371409e+00
4.433490139980668e-03	2.033513e+00	2.549063e+00	2.037201e+00
4.445348398909239e-03	1.683387e+00	2.191312e+00	1.687307e+00
4.450231211409239e-03	1.537826e+00	2.042272e+00	1.541834e+00
4.455114023909239e-03	1.391165e+00	1.891232e+00	1.395252e+00
4.459996836409239e-03	1.243405e+00	1.738191e+00	1.247563e+00
4.464879648909239e-03	1.094545e+00	1.583149e+00	1.098765e+00
4.469762461409238e-03	9.445867e-01	1.426106e+00	9.488601e-01
4.474645273909238e-03	7.935290e-01	1.267062e+00	7.978468e-01
4.479528086409238e-03	6.413721e-01	1.106018e+00	6.457255e-01
4.484410898909238e-03	4.889633e-01	9.411563e-01	4.933189e-01
4.489293711409238e-03	3.360943e-01	7.705503e-01	3.403889e-01
4.494176523909238e-03	1.829091e-01	5.894979e-01	1.869738e-01
4.497263308098865e-03	8.597147e-02	4.626607e-01	8.953860e-02
4.498763741271022e-03	3.883782e-02	3.899329e-01	4.170126e-02
4.499679281679831e-03	1.007566e-02	3.345323e-01	1.192490e-02
4.500395097213597e-03	-1.241233e-02	2.768590e-01	-1.222667e-02
4.501139923141348e-03	-3.581144e-02	1.918872e-01	-3.878557e-02
4.501907854728574e-03	-5.993559e-02	6.666242e-02	-6.778541e-02
4.502646513635347e-03	-8.313885e-02	-9.783419e-02	-9.642228e-02
4.503398224608320e-03	-1.067503e-01	-3.030560e-01	-1.247589e-01
4.503623799204004e-03	-1.138352e-01	-3.720895e-01	-1.320013e-01
4.503745625842667e-03	-1.176614e-01	-4.112830e-01	-1.344073e-01
4.503857454236003e-03	-1.211736e-01	-4.471999e-01	-1.345957e-01
4.503963200454997e-03	-1.244947e-01	-4.804045e-01	-1.322485e-01
4.504074733532792e-03	-1.279975e-01	-5.139145e-01	-1.263984e-01
4.504202587762144e-03	-1.320128e-01	-5.497711e-01	-1.153869e-01
4.504335852293746e-03	-1.361980e-01	-5.835950e-01	-9.946575e-02
4.504492171171806e-03	-1.411070e-01	-6.180392e-01	-7.644826e-02
4.504706934003010e-03	-1.478511e-01	-6.580822e-01	-4.151973e-02
4.504879543778369e-03	-1.532714e-01	-6.849005e-01	-1.329980e-02
4.505067544789762e-03	-1.591747e-01	-7.093573e-01	1.546643e-02
4.505240158967555e-03	-1.645947e-01	-7.287179e-01	3.864684e-02
4.505472841881211e-03	-1.719005e-01	-7.516777e-01	6.476858e-02
4.505717314331812e-03	-1.795761e-01	-7.734017e-01	8.673528e-02
4.506040243132396e-03	-1.897143e-01	-7.996985e-01	1.090874e-01
4.506420275447121e-03	-2.016442e-01	-8.288281e-01	1.296434e-01
4.506745472518848e-03	-2.118518e-01	-8.527662e-01	1.439490e-01
4.507110445467781e-03	-2.233069e-01	-8.789744e-01	1.578752e-01
4.507933150352132e-03	-2.491241e-01	-9.367988e-01	1.860371e-01
4.509582146444968e-03	-3.008598e-01	-1.049483e+00	2.389519e-01
4.511231142537803e-03	-3.525508e-01	-1.161121e+00	2.916224e-01
4.512880138630639e-03	-4.041970e-01	-1.271713e+00	3.440484e-01
4.514529134723474e-03	-4.557985e-01	-1.381258e+00	3.962301e-01
4.516178130816310e-03	-5.073552e-01	-1.489757e+00	4.481673e-01
4.517827126909145e-03	-5.588673e-01	-1.597210e+00	4.998601e-01
4.519476123001981e-03	-6.103345e-01	-1.703616e+00	5.513085e-01
4.534124560501980e-03	-1.063859e+00	-2.637667e+00	1.006610e+00
4.544587730144837e-03	-1.385752e+00	-3.292764e+00	1.329626e+00
4.555050899787695e-03	-1.698399e+00	-3.928145e+00	1.643577e+00
4.565514069430551e-03	-2.001800e+00	-4.543811e+00	1.948462e+00
4.575977239073408e-03	-2.295955e+00	-5.139762e+00	2.244281e+00
4.586440408716265e-03	-2.580864e+00	-5.715997e+00	2.531033e+00
4.596903578359122e-03	-2.856528e+00	-6.272516e+00	2.808720e+00
4.607366748001979e-03	-3.122945e+00	-6.809320e+00	3.077341e+00
4.618838778009299e-03	-3.398969e+00	-7.365851e+00	3.356120e+00
4.630310808016617e-03	-3.654343e+00	-7.880851e+00	3.614365e+00
4.641782838023937e-03	-3.889065e+00	-8.354322e+00	3.852077e+00
4.653254868031256e-03	-4.103138e+00	-8.786263e+00	4.069254e+00
4.664726898038576e-03	-4.296559e+00	-9.176674e+00	4.265897e+00
4.676198928045895e-03	-4.469330e+00	-9.525555e+00	4.442007e+00
4.687670958053215e-03	-4.621450e+00	-9.832907e+00	4.597582e+00
4.691526271431407e-03	-4.666320e+00	-9.911457e+00	4.624532e+00
4.693826632030494e-03	-4.691800e+00	-9.936525e+00	4.602099e+00
4.696126992629579e-03	-4.716289e+00	-9.957124e+00	4.573033e+00
4.698427353228666e-03	-4.739786e+00	-9.973253e+00	4.537334e+00
4.700727713827752e-03	-4.762290e+00	-9.984913e+00	4.495004e+00
4.703028074426839e-03	-4.783803e+00	-9.992105e+00	4.446041e+00
4.705328435025924e-03	-4.804324e+00	-9.994826e+00	4.390446e+00
4.707628795625010e-03	-4.823853e+00	-9.993079e+00	4.328219e+00
4.720645373285359e-03	-4.915195e+00	-9.995779e+00	4.059828e+00
4.730410998285359e-03	-4.962175e+00	-9.995856e+00	3.917055e+00
4.740176623285359e-03	-4.990479e+00	-9.995867e+00	3.829879e+00
4.749942248285358e-03	-5.000000e+00	-9.995869e+00	3.798752e+00
4.759707873285358e-03	-4.990702e+00	-9.995867e+00	3.823802e+00
4.769473498285358e-03	-4.962619e+00	-9.995860e+00	3.904932e+00
4.779239123285358e-03	-4.915859e+00	-9.995827e+00	4.041800e+00
4.789004748285358e-03	-4.850597e+00	-9.995415e+00	4.233273e+00
4.793887560785358e-03	-4.811101e+00	-9.994217e+00	4.347266e+00
4.798035300697298e-03	-4.773993e+00	-9.990987e+00	4.450632e+00
4.805292240602726e-03	-4.701286e+00	-9.969984e+00	4.626897e+00
4.807844292171587e-03	-4.673386e+00	-9.949119e+00	4.672651e+00
4.810531040864804e-03	-4.642715e+00	-9.897194e+00	4.673581e+00
4.812320419897573e-03	-4.621549e+00	-9.852547e+00	4.647686e+00
4.814109798930343e-03	-4.599805e+00	-9.807223e+00	4.622432e+00
4.815899177963112e-03	-4.577483e+00	-9.761220e+00	4.597821e+00
4.817688556995882e-03	-4.554583e+00	-9.714538e+00	4.573852e+00
4.819477936028651e-03	-4.531105e+00	-9.667178e+00	4.550525e+00
4.821267315061421e-03	-4.507050e+00	-9.619140e+00	4.527840e+00
4.823056694094190e-03	-4.482416e+00	-9.570424e+00	4.505798e+00
4.837007586951333e-03	-4.265707e+00	-9.136571e+00	4.293475e+00
4.850958479808475e-03	-4.021554e+00	-8.647088e+00	4.053478e+00
4.864909372665618e-03	-3.749956e+00	-8.101976e+00	3.785807e+00
4.878860265522761e-03	-3.450913e+00	-7.501235e+00	3.490462e+00
4.892811158379903e-03	-3.124426e+00	-6.844864e+00	3.167444e+00
4.906762051237045e-03	-2.770494e+00	-6.132864e+00	2.816752e+00
4.920712944094188e-03	-2.389117e+00	-5.365235e+00	2.438386e+00
4.929083479808473e-03	-2.153202e+00	-4.890554e+00	2.204010e+00
4.937454015522759e-03	-1.913028e+00	-4.405714e+00	1.965292e+00
4.945824551237044e-03	-1.668595e+00	-3.910715e+00	1.722231e+00
4.954195086951330e-03	-1.419902e+00	-3.405557e+00	1.474828e+00
4.962565622665616e-03	-1.166951e+00	-2.890240e+00	1.223083e+00
4.970936158379902e-03	-9.097396e-01	-2.364764e+00	9.669947e-01
4.979306694094187e-03	-6.482692e-01	-1.829129e+00	7.065642e-01
4.984189506594187e-03	-4.958847e-01	-1.512750e+00	5.549725e-01
4.989072319094187e-03	-3.430336e-01	-1.190807e+00	4.032824e-01
4.993955131594187e-03	-1.898595e-01	-8.560204e-01	2.528496e-01
4.998837944094186e-03	-3.650674e-02	-4.991582e-01	1.069609e-01
5.000000000000000e-03	-6.123234e-15	-4.056252e-01	7.538708e-02
