time	V(vin)	V(vo)	I(Rl)
0.000000000000000e+00	0.000000e+00	-2.582980e-02	-2.326830e-06
2.798339092727596e-07	1.758256e-03	-2.567960e-02	-2.297458e-06
5.596678185455191e-07	3.516495e-03	-2.522711e-02	-2.240853e-06
8.395017278182787e-07	5.274717e-03	-2.447231e-02	-2.157015e-06
1.119335637091038e-06	7.032921e-03	-2.341522e-02	-2.045942e-06
1.399169546363798e-06	8.791107e-03	-2.205583e-02	-1.907635e-06
1.679003455636557e-06	1.054928e-02	-2.039414e-02	-1.742095e-06
1.958837364909316e-06	1.230743e-02	-1.843015e-02	-1.549321e-06
3.702080003409747e-06	2.325876e-02	-1.360833e-03	8.710749e-08
5.966874895242194e-06	3.748220e-02	3.287071e-02	3.299152e-06
8.979165671132279e-06	5.638784e-02	9.837913e-02	9.371090e-06
1.300748499514235e-05	8.163749e-02	2.164474e-01	2.023523e-05
1.862818341790209e-05	1.167773e-01	4.268978e-01	3.951103e-05
2.599310203926001e-05	1.625944e-01	7.621558e-01	7.012659e-05
3.575872703926001e-05	2.227932e-01	1.274243e+00	1.168021e-04
4.552435203926001e-05	2.821534e-01	1.835258e+00	1.678783e-04
5.528997703926001e-05	3.404516e-01	2.426409e+00	2.216598e-04
7.482122703926000e-05	4.529894e-01	3.638334e+00	3.318551e-04
9.435247703925999e-05	5.587137e-01	4.831892e+00	4.403344e-04
1.138837270392600e-04	6.560345e-01	5.966760e+00	5.434508e-04
1.334149770392600e-04	7.434880e-01	7.017490e+00	6.388983e-04
1.529462270392600e-04	8.197587e-01	7.958439e+00	7.243549e-04
1.627118520392600e-04	8.533349e-01	8.320883e+00	7.573128e-04
1.682953037753666e-04	8.710965e-01	8.419897e+00	7.663945e-04
1.886843978796431e-04	9.267018e-01	8.447457e+00	7.693751e-04
2.082156478796431e-04	9.657342e-01	8.453775e+00	7.702936e-04
2.277468978796431e-04	9.902411e-01	8.457129e+00	7.708163e-04
2.472781478796431e-04	9.998538e-01	8.458444e+00	7.710213e-04
2.668093978796431e-04	9.944277e-01	8.458018e+00	7.709341e-04
2.863406478796432e-04	9.740446e-01	8.455763e+00	7.705475e-04
3.058718978796432e-04	9.390110e-01	8.451132e+00	7.698150e-04
3.254031478796432e-04	8.898537e-01	8.442555e+00	7.685999e-04
3.449343978796432e-04	8.273122e-01	8.423860e+00	7.663526e-04
3.644656478796432e-04	7.523271e-01	8.333945e+00	7.575784e-04
3.726927210398638e-04	7.172831e-01	8.211257e+00	7.462108e-04
3.808808755810177e-04	6.805020e-01	8.005665e+00	7.273571e-04
3.906465005810177e-04	6.342888e-01	7.674477e+00	6.971034e-04
4.004121255810177e-04	5.856884e-01	7.275173e+00	6.606927e-04
4.101777505810177e-04	5.348835e-01	6.821183e+00	6.193354e-04
4.199433755810177e-04	4.820654e-01	6.324447e+00	5.741090e-04
4.297090005810177e-04	4.274330e-01	5.793179e+00	5.257553e-04
4.492402505810177e-04	3.135535e-01	4.649414e+00	4.216885e-04
4.687715005810178e-04	1.949578e-01	3.423878e+00	3.102124e-04
4.883027505810177e-04	7.342984e-02	2.141545e+00	1.935930e-04
5.078340005810177e-04	-4.920260e-02	8.243183e-01	7.382026e-05
5.175996255810177e-04	-1.103565e-01	1.591807e-01	1.334754e-05
5.371308755810178e-04	-2.311895e-01	-1.171227e+00	-1.075966e-04
5.566621255810178e-04	-3.485453e-01	-2.484785e+00	-2.269914e-04
5.761933755810178e-04	-4.606586e-01	-3.761400e+00	-3.430109e-04
5.957246255810178e-04	-5.658432e-01	-4.981584e+00	-4.538840e-04
6.152558755810178e-04	-6.625170e-01	-6.126727e+00	-5.579202e-04
6.347871255810179e-04	-7.492259e-01	-7.179391e+00	-6.535352e-04
6.543183755810179e-04	-8.246657e-01	-8.123574e+00	-7.392757e-04
6.738496255810179e-04	-8.877018e-01	-8.944965e+00	-8.138423e-04
6.836152505810179e-04	-9.142645e-01	-9.305659e+00	-8.465764e-04
6.933808755810179e-04	-9.373861e-01	-9.620771e+00	-8.751730e-04
7.031465005810179e-04	-9.569795e-01	-9.848948e+00	-8.959084e-04
7.097672782534918e-04	-9.682185e-01	-9.916693e+00	-9.021144e-04
7.320529549245964e-04	-9.936488e-01	-9.934932e+00	-9.039828e-04
7.515842049245964e-04	-9.999505e-01	-9.937305e+00	-9.042526e-04
7.711154549245964e-04	-9.912120e-01	-9.935316e+00	-9.039948e-04
7.906467049245964e-04	-9.675646e-01	-9.927793e+00	-9.031041e-04
8.101779549245965e-04	-9.293643e-01	-9.906391e+00	-9.008323e-04
8.297092049245965e-04	-8.771855e-01	-9.796015e+00	-8.904191e-04
8.391358930268747e-04	-8.472247e-01	-9.651133e+00	-8.770970e-04
8.488514989367451e-04	-8.132375e-01	-9.426120e+00	-8.565194e-04
8.586171239367451e-04	-7.760226e-01	-9.136189e+00	-8.300645e-04
8.683827489367451e-04	-7.358869e-01	-8.794233e+00	-7.988965e-04
8.879139989367451e-04	-6.474679e-01	-7.985212e+00	-7.252159e-04
9.074452489367451e-04	-5.493103e-01	-7.040718e+00	-6.392428e-04
9.269764989367451e-04	-4.428906e-01	-5.985685e+00	-5.432370e-04
9.465077489367452e-04	-3.298095e-01	-4.839844e+00	-4.389903e-04
9.660389989367452e-04	-2.117676e-01	-3.621759e+00	-3.281905e-04
9.855702489367452e-04	-9.054064e-02	-2.350128e+00	-2.125380e-04
1.005101498936745e-03	3.204817e-02	-1.044076e+00	-9.377227e-05
1.024632748936745e-03	1.541550e-01	2.769113e-01	2.633459e-05
1.044163998936745e-03	2.739431e-01	1.593187e+00	1.459961e-04
1.063695248936745e-03	3.896109e-01	2.885195e+00	2.634344e-04
1.083226498936745e-03	4.994186e-01	4.133739e+00	3.769042e-04
1.102757748936745e-03	6.017145e-01	5.320249e+00	4.847176e-04
1.122288998936745e-03	6.949601e-01	6.427045e+00	5.852683e-04
1.141820248936745e-03	7.777529e-01	7.437599e+00	6.770543e-04
1.151585873936745e-03	8.148336e-01	7.900454e+00	7.190866e-04
1.161351498936745e-03	8.488475e-01	8.290628e+00	7.545469e-04
1.166735832193672e-03	8.662426e-01	8.406055e+00	7.651038e-04
1.185040485550433e-03	9.178556e-01	8.445800e+00	7.691468e-04
1.204571735550433e-03	9.595395e-01	8.452864e+00	7.701557e-04
1.224102985550433e-03	9.867910e-01	8.456675e+00	7.707444e-04
1.243634235550433e-03	9.992002e-01	8.458334e+00	7.710055e-04
1.263165485550433e-03	9.965805e-01	8.458228e+00	7.709725e-04
1.282696735550433e-03	9.789714e-01	8.456339e+00	7.706438e-04
1.302227985550433e-03	9.466376e-01	8.452226e+00	7.699821e-04
1.321759235550433e-03	9.000655e-01	8.444601e+00	7.688761e-04
1.341290485550433e-03	8.399556e-01	8.428999e+00	7.669295e-04
1.360821735550433e-03	7.672119e-01	8.366450e+00	7.606405e-04
1.369420555823546e-03	7.314560e-01	8.267736e+00	7.514261e-04
1.378190784787501e-03	6.927894e-01	8.081645e+00	7.343133e-04
1.386441218818293e-03	6.544923e-01	7.828631e+00	7.111739e-04
1.396206843818293e-03	6.068979e-01	7.454475e+00	6.770369e-04
1.405972468818293e-03	5.570193e-01	7.022369e+00	6.376596e-04
1.415738093818293e-03	5.050442e-01	6.542912e+00	5.939973e-04
1.425503718818293e-03	4.511682e-01	6.025712e+00	5.469179e-04
1.445034968818293e-03	3.385312e-01	4.903528e+00	4.448064e-04
1.464566218818293e-03	2.208023e-01	3.693323e+00	3.347194e-04
1.484097468818293e-03	9.975237e-02	2.421316e+00	2.190346e-04
1.503628718818293e-03	-2.279794e-02	1.109818e+00	9.977860e-05
1.523159968818293e-03	-1.450053e-01	-2.201024e-01	-2.113397e-05
1.542691218818293e-03	-2.650317e-01	-1.547784e+00	-1.418252e-04
1.562222468818293e-03	-3.810718e-01	-2.852849e+00	-2.604431e-04
1.581753718818293e-03	-4.913802e-01	-4.115350e+00	-3.751747e-04
1.601284968818294e-03	-5.942978e-01	-5.316019e+00	-4.842694e-04
1.620816218818294e-03	-6.882766e-01	-6.436553e+00	-5.860643e-04
1.640347468818294e-03	-7.719030e-01	-7.459893e+00	-6.790098e-04
1.659878718818294e-03	-8.439193e-01	-8.370497e+00	-7.616943e-04
1.679409968818294e-03	-9.032423e-01	-9.154575e+00	-8.328659e-04
1.689175593818294e-03	-9.278572e-01	-9.494927e+00	-8.637499e-04
1.698941218818294e-03	-9.489797e-01	-9.781860e+00	-8.897930e-04
1.704791962051789e-03	-9.599282e-01	-9.884077e+00	-8.991016e-04
1.723520321570256e-03	-9.861913e-01	-9.932343e+00	-9.036847e-04
1.743051571570256e-03	-9.990471e-01	-9.936819e+00	-9.042006e-04
1.762582821570256e-03	-9.968764e-01	-9.936735e+00	-9.041736e-04
1.782114071570256e-03	-9.797117e-01	-9.931973e+00	-9.035901e-04
1.801645321570256e-03	-9.478112e-01	-9.918926e+00	-9.021276e-04
1.821176571570256e-03	-9.016547e-01	-9.867278e+00	-8.970592e-04
1.830942196570256e-03	-8.734394e-01	-9.781357e+00	-8.890649e-04
1.840247799539339e-03	-8.434926e-01	-9.630731e+00	-8.752261e-04
1.849094838414446e-03	-8.123468e-01	-9.420897e+00	-8.560415e-04
1.858860463414446e-03	-7.750574e-01	-9.128068e+00	-8.293242e-04
1.868626088414446e-03	-7.348508e-01	-8.785011e+00	-7.980564e-04
1.888157338414446e-03	-6.463019e-01	-7.974174e+00	-7.242109e-04
1.907688588414446e-03	-5.480320e-01	-7.028194e+00	-6.381031e-04
1.927219838414446e-03	-4.415193e-01	-5.971924e+00	-5.419849e-04
1.946751088414446e-03	-3.283657e-01	-4.825072e+00	-4.376465e-04
1.966282338414446e-03	-2.102731e-01	-3.606205e+00	-3.267758e-04
1.985813588414446e-03	-8.901787e-02	-2.334027e+00	-2.110738e-04
2.005344838414445e-03	3.357630e-02	-1.027669e+00	-9.228040e-05
2.024876088414445e-03	1.556654e-01	2.933806e-01	2.783191e-05
2.044407338414444e-03	2.754132e-01	1.609473e+00	1.474766e-04
2.063938588414444e-03	3.910186e-01	2.901058e+00	2.648761e-04
2.083469838414443e-03	5.007426e-01	4.148942e+00	3.782856e-04
2.103001088414443e-03	6.029350e-01	5.334564e+00	4.860183e-04
2.122532338414443e-03	6.960587e-01	6.440260e+00	5.864687e-04
2.142063588414442e-03	7.787130e-01	7.449517e+00	6.781366e-04
2.151829213414442e-03	8.157190e-01	7.911082e+00	7.200522e-04
2.161594838414442e-03	8.496548e-01	8.297007e+00	7.551287e-04
2.166988970692475e-03	8.670362e-01	8.409049e+00	7.653807e-04
2.185474264983158e-03	9.189340e-01	8.446009e+00	7.691753e-04
2.205005514983158e-03	9.603034e-01	8.452977e+00	7.701729e-04
2.224536764983158e-03	9.872289e-01	8.456733e+00	7.707535e-04
2.244068014983157e-03	9.993055e-01	8.458350e+00	7.710079e-04
2.263599264983157e-03	9.963517e-01	8.458206e+00	7.709684e-04
2.283130514983156e-03	9.784117e-01	8.456275e+00	7.706329e-04
2.302661764983156e-03	9.457557e-01	8.452101e+00	7.699630e-04
2.322193014983156e-03	8.988745e-01	8.444371e+00	7.688447e-04
2.341724264983155e-03	8.384734e-01	8.428460e+00	7.668676e-04
2.361255514983155e-03	7.654609e-01	8.362985e+00	7.603125e-04
2.369886219838461e-03	7.294578e-01	8.259956e+00	7.507072e-04
2.378661566384776e-03	6.906532e-01	8.068470e+00	7.331069e-04
2.387193663459164e-03	6.509104e-01	7.801989e+00	7.087413e-04
2.396959288459164e-03	6.031336e-01	7.423161e+00	6.741820e-04
2.406724913459164e-03	5.530867e-01	6.986971e+00	6.344351e-04
2.416490538459163e-03	5.009581e-01	6.504306e+00	5.904826e-04
2.426256163459163e-03	4.469440e-01	5.984506e+00	5.431676e-04
2.445787413459163e-03	3.340788e-01	4.858346e+00	4.406959e-04
2.465318663459162e-03	2.161888e-01	3.645314e+00	3.303527e-04
2.484849913459162e-03	9.504711e-02	2.371385e+00	2.144939e-04
2.504381163459162e-03	-2.752419e-02	1.058790e+00	9.513899e-05
2.523912413459161e-03	-1.496815e-01	-2.714247e-01	-2.579968e-05
2.543443663459161e-03	-2.695875e-01	-1.598611e+00	-1.464452e-04
2.562974913459160e-03	-3.854386e-01	-2.902402e+00	-2.649466e-04
2.582506163459160e-03	-4.954923e-01	-4.162872e+00	-3.794930e-04
2.602037413459159e-03	-5.980934e-01	-5.360785e+00	-4.883366e-04
2.621568663459159e-03	-6.916986e-01	-6.477882e+00	-5.898185e-04
2.641099913459159e-03	-7.749000e-01	-7.497157e+00	-6.823938e-04
2.660631163459158e-03	-8.464462e-01	-8.403129e+00	-7.646569e-04
2.680162413459158e-03	-9.052611e-01	-9.182083e+00	-8.353623e-04
2.689928038459158e-03	-9.296100e-01	-9.519176e+00	-8.659502e-04
2.699693663459157e-03	-9.504600e-01	-9.798804e+00	-8.913330e-04
2.705398795380487e-03	-9.609897e-01	-9.891972e+00	-8.998227e-04
2.723836639950085e-03	-9.865185e-01	-9.932449e+00	-9.036972e-04
2.743367889950085e-03	-9.991319e-01	-9.936852e+00	-9.042044e-04
2.762899139950085e-03	-9.967175e-01	-9.936699e+00	-9.041689e-04
2.782430389950084e-03	-9.793114e-01	-9.931847e+00	-9.035750e-04
2.801961639950084e-03	-9.471756e-01	-9.918585e+00	-9.020910e-04
2.821492889950083e-03	-9.007934e-01	-9.865444e+00	-8.968862e-04
2.831258514950083e-03	-8.724698e-01	-9.776862e+00	-8.886511e-04
2.840796997222242e-03	-8.416341e-01	-9.619386e+00	-8.741872e-04
2.849449598477846e-03	-8.110449e-01	-9.411671e+00	-8.551987e-04
2.859215223477846e-03	-7.736470e-01	-9.116441e+00	-8.282640e-04
2.868980848477846e-03	-7.333372e-01	-8.771683e+00	-7.968419e-04
2.888512098477845e-03	-6.445994e-01	-7.958104e+00	-7.227479e-04
2.908043348477845e-03	-5.461662e-01	-7.009927e+00	-6.364406e-04
2.927574598477845e-03	-4.395182e-01	-5.951843e+00	-5.401578e-04
2.947105848477844e-03	-3.262594e-01	-4.803519e+00	-4.356858e-04
2.966637098477844e-03	-2.080934e-01	-3.583516e+00	-3.247121e-04
2.986168348477843e-03	-8.679748e-02	-2.310545e+00	-2.089383e-04
3.005699598477843e-03	3.580398e-02	-1.003745e+00	-9.010507e-05
3.025230848477843e-03	1.578669e-01	3.173893e-01	3.001468e-05
3.044762098477842e-03	2.775554e-01	1.633211e+00	1.496344e-04
3.064293348477842e-03	3.930691e-01	2.924171e+00	2.669768e-04
3.083824598477841e-03	5.026708e-01	4.171087e+00	3.802981e-04
3.103355848477841e-03	6.047118e-01	5.355412e+00	4.879124e-04
3.122887098477840e-03	6.976573e-01	6.459500e+00	5.882164e-04
3.142418348477840e-03	7.801095e-01	7.466861e+00	6.797117e-04
3.152183973477840e-03	8.170063e-01	7.926281e+00	7.214330e-04
3.161949598477840e-03	8.508281e-01	8.305585e+00	7.559122e-04
3.167369063643925e-03	8.682236e-01	8.412922e+00	7.657403e-04
3.186320926907608e-03	9.210191e-01	8.446405e+00	7.692297e-04
3.205852176907607e-03	9.617738e-01	8.453196e+00	7.702057e-04
3.225383426907607e-03	9.880623e-01	8.456842e+00	7.707709e-04
3.244914676907607e-03	9.994896e-01	8.458379e+00	7.710122e-04
3.264445926907606e-03	9.958836e-01	8.458161e+00	7.709601e-04
3.283977176907606e-03	9.772985e-01	8.456145e+00	7.706113e-04
3.303508426907605e-03	9.440140e-01	8.451855e+00	7.699251e-04
3.323039676907605e-03	8.965306e-01	8.443913e+00	7.687822e-04
3.342570926907604e-03	8.355626e-01	8.427366e+00	7.667429e-04
3.362102176907604e-03	7.620270e-01	8.356368e+00	7.596856e-04
3.370592195132230e-03	7.264165e-01	8.248849e+00	7.496793e-04
3.379186404027104e-03	6.882646e-01	8.053575e+00	7.317433e-04
3.388308610412100e-03	6.455763e-01	7.761442e+00	7.050401e-04
3.398074235412100e-03	5.975310e-01	7.376200e+00	6.699008e-04
3.407839860412100e-03	5.472368e-01	6.934071e+00	6.296167e-04
3.417605485412100e-03	4.948829e-01	6.446733e+00	5.852412e-04
3.427371110412099e-03	4.406663e-01	5.923139e+00	5.375826e-04
3.446902360412099e-03	3.274677e-01	4.791171e+00	4.345846e-04
3.466433610412099e-03	2.093438e-01	3.574013e+00	3.238676e-04
3.485964860412098e-03	8.807113e-02	2.297294e+00	2.077563e-04
3.505496110412098e-03	-3.452622e-02	9.831324e-01	8.825993e-05
3.525027360412097e-03	-1.566043e-01	-3.474634e-01	-3.271232e-05
3.544558610412097e-03	-2.763268e-01	-1.673859e+00	-1.532850e-04
3.564089860412096e-03	-3.918932e-01	-2.975708e+00	-2.716088e-04
3.583621110412096e-03	-5.015651e-01	-4.233117e+00	-3.858760e-04
3.603152360412096e-03	-6.036930e-01	-5.426898e+00	-4.943431e-04
3.622683610412095e-03	-6.967408e-01	-6.538855e+00	-5.953569e-04
3.642214860412095e-03	-7.793090e-01	-7.552063e+00	-6.873800e-04
3.661746110412094e-03	-8.501557e-01	-8.451135e+00	-7.690151e-04
3.681277360412094e-03	-9.082151e-01	-9.222465e+00	-8.390269e-04
3.691042985412094e-03	-9.321689e-01	-9.553830e+00	-8.690952e-04
3.700808610412094e-03	-9.526142e-01	-9.820142e+00	-8.932747e-04
3.706487380744337e-03	-9.628590e-01	-9.902095e+00	-9.007517e-04
3.725180732453558e-03	-9.878653e-01	-9.932920e+00	-9.037515e-04
3.744711982453557e-03	-9.994481e-01	-9.936980e+00	-9.042188e-04
3.764243232453557e-03	-9.959982e-01	-9.936529e+00	-9.041472e-04
3.783774482453556e-03	-9.775676e-01	-9.931287e+00	-9.035089e-04
3.803305732453556e-03	-9.444334e-01	-9.916969e+00	-9.019208e-04
3.822836982453556e-03	-8.970941e-01	-9.857061e+00	-8.960976e-04
3.832602607453555e-03	-8.683119e-01	-9.759257e+00	-8.870277e-04
3.842023463111291e-03	-8.374475e-01	-9.592293e+00	-8.717083e-04
3.851423744374203e-03	-8.037266e-01	-9.355786e+00	-8.500977e-04
3.861189369374203e-03	-7.657283e-01	-9.050635e+00	-8.222644e-04
3.880720619374203e-03	-6.812395e-01	-8.300545e+00	-7.539282e-04
3.900251869374202e-03	-5.865042e-01	-7.402559e+00	-6.721759e-04
3.919783119374202e-03	-4.829474e-01	-6.385811e+00	-5.796449e-04
3.939314369374202e-03	-3.721265e-01	-5.271241e+00	-4.782358e-04
3.958845619374201e-03	-2.557086e-01	-4.077610e+00	-3.696536e-04
3.978376869374201e-03	-1.354446e-01	-2.823499e+00	-2.555882e-04
3.997908119374200e-03	-1.314330e-02	-1.527873e+00	-1.377644e-04
4.017439369374200e-03	1.093557e-01	-2.101046e-01	-1.794393e-05
4.036970619374199e-03	2.302098e-01	1.110191e+00	1.020894e-04
4.056501869374199e-03	3.476014e-01	2.413396e+00	2.205518e-04
4.076033119374199e-03	4.597647e-01	3.680147e+00	3.356831e-04
4.095564369374198e-03	5.650127e-01	4.891613e+00	4.457714e-04
4.115095619374198e-03	6.617624e-01	6.029757e+00	5.491777e-04
4.134626869374197e-03	7.485586e-01	7.077597e+00	6.443589e-04
4.144392494374197e-03	7.878097e-01	7.562696e+00	6.884149e-04
4.154158119374197e-03	8.240958e-01	8.005013e+00	7.285897e-04
4.163923744374197e-03	8.572801e-01	8.336895e+00	7.587904e-04
4.170136348200253e-03	8.767191e-01	8.427680e+00	7.671459e-04
4.192375732744015e-03	9.351677e-01	8.448927e+00	7.695821e-04
4.211906982744014e-03	9.714934e-01	8.454597e+00	7.704195e-04
4.231438232744014e-03	9.932068e-01	8.457519e+00	7.708782e-04
4.250969482744013e-03	9.999815e-01	8.458494e+00	7.710270e-04
4.270500732744013e-03	9.917155e-01	8.457741e+00	7.708847e-04
4.290031982744013e-03	9.685332e-01	8.455097e+00	7.704379e-04
4.309563232744012e-03	9.307832e-01	8.449892e+00	7.696293e-04
4.329094482744012e-03	8.790334e-01	8.440187e+00	7.682892e-04
4.348625732744011e-03	8.140622e-01	8.417142e+00	7.656282e-04
4.358391357744011e-03	7.769164e-01	8.379922e+00	7.619407e-04
4.368156982744011e-03	7.368466e-01	8.283265e+00	7.528729e-04
4.377029445456111e-03	6.980330e-01	8.109019e+00	7.368262e-04
4.385923518922301e-03	6.569481e-01	7.844473e+00	7.126229e-04
4.395689143922301e-03	6.094799e-01	7.475667e+00	6.789694e-04
4.405454768922300e-03	5.597178e-01	7.046474e+00	6.398554e-04
4.415220393922300e-03	5.078490e-01	6.569288e+00	5.963989e-04
4.424986018922300e-03	4.540688e-01	6.053922e+00	5.494854e-04
4.444517268922300e-03	3.415901e-01	4.934525e+00	4.476265e-04
4.464048518922299e-03	2.239737e-01	3.726297e+00	3.377185e-04
4.483579768922299e-03	1.029884e-01	2.455634e+00	2.221555e-04
4.503111018922298e-03	-1.954586e-02	1.144909e+00	1.029693e-04
4.522642268922298e-03	-1.417862e-01	-1.847898e-01	-1.792367e-05
4.542173518922298e-03	-2.618939e-01	-1.512795e+00	-1.386448e-04
4.561704768922297e-03	-3.780624e-01	-2.818719e+00	-2.573412e-04
4.581236018922297e-03	-4.885446e-01	-4.082601e+00	-3.721988e-04
4.600767268922296e-03	-5.916786e-01	-5.285150e+00	-4.814648e-04
4.620298518922296e-03	-6.859132e-01	-6.408034e+00	-5.834737e-04
4.639829768922295e-03	-7.698310e-01	-7.434158e+00	-6.766727e-04
4.659361018922295e-03	-8.421699e-01	-8.347935e+00	-7.596460e-04
4.678892268922295e-03	-9.018417e-01	-9.135529e+00	-8.311375e-04
4.688657893922294e-03	-9.266392e-01	-9.477949e+00	-8.622094e-04
4.698423518922294e-03	-9.479490e-01	-9.769531e+00	-8.886729e-04
4.704376965258229e-03	-9.591942e-01	-9.878080e+00	-8.985545e-04
4.723539849635169e-03	-9.862116e-01	-9.932313e+00	-9.036821e-04
4.743071099635169e-03	-9.990525e-01	-9.936824e+00	-9.042011e-04
4.762602349635168e-03	-9.968666e-01	-9.936733e+00	-9.041733e-04
4.782133599635168e-03	-9.796870e-01	-9.931965e+00	-9.035891e-04
4.801664849635168e-03	-9.477720e-01	-9.918905e+00	-9.021253e-04
4.821196099635167e-03	-9.016017e-01	-9.869050e+00	-8.972191e-04
4.829972171443014e-03	-8.763909e-01	-9.796104e+00	-8.904210e-04
4.838955122664152e-03	-8.478275e-01	-9.657387e+00	-8.776668e-04
4.847830040694641e-03	-8.169556e-01	-9.454565e+00	-8.591161e-04
4.857595665694641e-03	-7.800545e-01	-9.169135e+00	-8.330689e-04
4.867361290694641e-03	-7.402174e-01	-8.832170e+00	-8.023531e-04
4.886892540694640e-03	-6.523456e-01	-8.031142e+00	-7.293976e-04
4.906423790694640e-03	-5.546620e-01	-7.093038e+00	-6.440045e-04
4.925955040694640e-03	-4.486357e-01	-6.043276e+00	-5.484771e-04
4.945486290694639e-03	-3.358615e-01	-4.901721e+00	-4.446193e-04
4.965017540694639e-03	-2.180357e-01	-3.686955e+00	-3.341204e-04
4.984548790694638e-03	-9.693038e-02	-2.417654e+00	-2.186789e-04
5.004080040694638e-03	2.563284e-02	-1.112921e+00	-1.000323e-04
5.023611290694638e-03	1.478105e-01	2.077713e-01	2.004866e-05
5.043142540694637e-03	2.677650e-01	1.524780e+00	1.397777e-04
5.062673790694637e-03	3.836921e-01	2.818537e+00	2.573759e-04
5.082205040694636e-03	4.938480e-01	4.069821e+00	3.710956e-04
5.101736290694636e-03	5.965760e-01	5.260022e+00	4.792455e-04
5.121267540694635e-03	6.903310e-01	6.371408e+00	5.802142e-04
5.140798790694635e-03	7.737027e-01	7.387383e+00	6.724939e-04
5.150564415694635e-03	8.110964e-01	7.854440e+00	7.149077e-04
5.160330040694635e-03	8.454372e-01	8.258812e+00	7.516497e-04
5.165883030377658e-03	8.635530e-01	8.391947e+00	7.638083e-04
5.177851404211989e-03	8.989968e-01	8.442194e+00	7.686546e-04
5.193861483573267e-03	9.384335e-01	8.449476e+00	7.696606e-04
5.213392733573266e-03	9.736640e-01	8.454901e+00	7.704664e-04
5.232923983573266e-03	9.942498e-01	8.457656e+00	7.708999e-04
5.252455233573265e-03	9.998810e-01	8.458498e+00	7.710264e-04
5.271986483573265e-03	9.904732e-01	8.457611e+00	7.708619e-04
5.291517733573265e-03	9.661676e-01	8.454804e+00	7.703903e-04
5.311048983573264e-03	9.273300e-01	8.449352e+00	7.695495e-04
5.330580233573264e-03	8.745445e-01	8.439137e+00	7.681540e-04
5.350111483573263e-03	8.086051e-01	8.413759e+00	7.652743e-04
5.359877108573263e-03	7.710052e-01	8.373170e+00	7.612800e-04
5.368528422147649e-03	7.352668e-01	8.284278e+00	7.529512e-04
5.376283059788508e-03	7.013834e-01	8.133148e+00	7.390312e-04
5.384132791023002e-03	6.653892e-01	7.906193e+00	7.182598e-04
5.393898416023002e-03	6.183614e-01	7.548171e+00	6.855812e-04
5.403664041023002e-03	5.690061e-01	7.129156e+00	6.473878e-04
5.413429666023001e-03	5.175092e-01	6.659913e+00	6.046502e-04
5.423195291023001e-03	4.640645e-01	6.150955e+00	5.583171e-04
5.442726541023001e-03	3.521430e-01	5.041319e+00	4.573425e-04
5.462257791023000e-03	2.349249e-01	3.840034e+00	3.480636e-04
5.481789041023000e-03	1.141733e-01	2.574130e+00	2.329314e-04
5.501320291023000e-03	-8.295538e-03	1.266189e+00	1.139966e-04
5.520851541022999e-03	-1.306396e-01	-6.263505e-02	-6.818419e-06
5.540382791022999e-03	-2.510188e-01	-1.391649e+00	-1.276329e-04
5.559914041022998e-03	-3.676223e-01	-2.700438e+00	-2.465913e-04
5.579445291022998e-03	-4.786965e-01	-3.968989e+00	-3.618749e-04
5.598976541022998e-03	-5.825707e-01	-5.177941e+00	-4.717244e-04
5.618507791022997e-03	-6.776825e-01	-6.308862e+00	-5.744653e-04
5.638039041022997e-03	-7.626012e-01	-7.344532e+00	-6.685331e-04
5.657570291022996e-03	-8.360497e-01	-8.269214e+00	-7.524989e-04
5.677101541022996e-03	-8.969234e-01	-9.068902e+00	-8.250908e-04
5.686867166022996e-03	-9.223506e-01	-9.417989e+00	-8.567689e-04
5.696632791022995e-03	-9.443064e-01	-9.721271e+00	-8.842916e-04
5.703458821695908e-03	-9.575471e-01	-9.864038e+00	-8.972744e-04
5.715836177068259e-03	-9.770494e-01	-9.928843e+00	-9.032895e-04
5.731286279553533e-03	-9.930952e-01	-9.934703e+00	-9.039567e-04
5.750817529553532e-03	-9.999868e-01	-9.937298e+00	-9.042522e-04
5.770348779553532e-03	-9.918377e-01	-9.935482e+00	-9.040153e-04
5.789880029553531e-03	-9.687703e-01	-9.928242e+00	-9.031554e-04
5.809411279553531e-03	-9.311318e-01	-9.907867e+00	-9.009812e-04
5.828942529553531e-03	-8.794882e-01	-9.803954e+00	-8.911548e-04
5.838708154553530e-03	-8.486493e-01	-9.660151e+00	-8.779226e-04
5.847648505770400e-03	-8.176128e-01	-9.459014e+00	-8.595228e-04
5.857414130770400e-03	-7.807676e-01	-9.174849e+00	-8.335902e-04
5.867179755770400e-03	-7.409838e-01	-8.838812e+00	-8.029585e-04
5.886711005770399e-03	-6.532097e-01	-8.039248e+00	-7.301357e-04
5.906242255770399e-03	-5.556107e-01	-7.102298e+00	-6.448472e-04
5.925773505770398e-03	-4.496548e-01	-6.053482e+00	-5.494057e-04
5.945304755770398e-03	-3.369357e-01	-4.912697e+00	-4.456177e-04
5.964836005770397e-03	-2.191487e-01	-3.698525e+00	-3.351728e-04
5.984367255770397e-03	-9.806556e-02	-2.429644e+00	-2.197694e-04
6.003898505770397e-03	2.449258e-02	-1.125152e+00	-1.011444e-04
6.023429755770396e-03	1.466823e-01	1.954826e-01	1.893141e-05
6.042961005770396e-03	2.666659e-01	1.512616e+00	1.386720e-04
6.062492255770395e-03	3.826385e-01	2.806679e+00	2.562981e-04
6.082023505770395e-03	4.928558e-01	4.058444e+00	3.700618e-04
6.101554755770395e-03	5.956602e-01	5.249296e+00	4.782709e-04
6.121086005770394e-03	6.895053e-01	6.361492e+00	5.793135e-04
6.140617255770394e-03	7.729796e-01	7.378428e+00	6.716806e-04
6.150382880770393e-03	8.104287e-01	7.846100e+00	7.141503e-04
6.160148505770393e-03	8.448275e-01	8.252656e+00	7.510897e-04
6.165745189976990e-03	8.631160e-01	8.389194e+00	7.635563e-04
6.177803249398204e-03	8.988642e-01	8.442215e+00	7.686553e-04
6.193809258169968e-03	9.383202e-01	8.449457e+00	7.696578e-04
6.213340508169967e-03	9.735892e-01	8.454890e+00	7.704648e-04
6.232871758169967e-03	9.942145e-01	8.457651e+00	7.708992e-04
6.252403008169967e-03	9.998860e-01	8.458498e+00	7.710265e-04
6.271934258169966e-03	9.905183e-01	8.457616e+00	7.708627e-04
6.291465508169966e-03	9.662522e-01	8.454815e+00	7.703920e-04
6.310996758169965e-03	9.274527e-01	8.449371e+00	7.695524e-04
6.330528008169965e-03	8.747036e-01	8.439175e+00	7.681589e-04
6.350059258169964e-03	8.087981e-01	8.413886e+00	7.652876e-04
6.359824883169964e-03	7.712141e-01	8.373730e+00	7.613323e-04
6.368402357435567e-03	7.358035e-01	8.286427e+00	7.531496e-04
6.376156150966100e-03	7.019515e-01	8.136403e+00	7.393296e-04
6.383960867136712e-03	6.661953e-01	7.911892e+00	7.187805e-04
6.393726492136711e-03	6.192099e-01	7.555052e+00	6.862087e-04
6.403492117136711e-03	5.698941e-01	7.137028e+00	6.481051e-04
6.413257742136711e-03	5.184332e-01	6.668558e+00	6.054373e-04
6.423023367136711e-03	4.650211e-01	6.160223e+00	5.591606e-04
6.442554617136710e-03	3.531538e-01	5.051535e+00	4.582720e-04
6.462085867136710e-03	2.359747e-01	3.850926e+00	3.490544e-04
6.481617117136709e-03	1.152464e-01	2.585488e+00	2.339643e-04
6.501148367136709e-03	-7.215341e-03	1.277824e+00	1.150546e-04
6.520679617136709e-03	-1.295686e-01	-5.090700e-02	-5.752197e-06
6.540210867136708e-03	-2.499730e-01	-1.380009e+00	-1.265748e-04
6.559742117136708e-03	-3.666175e-01	-2.689064e+00	-2.455575e-04
6.579273367136707e-03	-4.777478e-01	-3.958055e+00	-3.608813e-04
6.598804617136707e-03	-5.816923e-01	-5.167614e+00	-4.707861e-04
6.618335867136707e-03	-6.768877e-01	-6.299298e+00	-5.735965e-04
6.637867117136706e-03	-7.619020e-01	-7.335877e+00	-6.677472e-04
6.657398367136706e-03	-8.354566e-01	-8.261600e+00	-7.518076e-04
6.676929617136705e-03	-8.964452e-01	-9.062445e+00	-8.245047e-04
6.696460867136705e-03	-9.439504e-01	-9.716381e+00	-8.838478e-04
6.703389204937230e-03	-9.574209e-01	-9.862928e+00	-8.971735e-04
6.715719017881054e-03	-9.768923e-01	-9.928745e+00	-9.032792e-04
6.730994416713604e-03	-9.928784e-01	-9.934633e+00	-9.039487e-04
6.750525666713604e-03	-9.999945e-01	-9.937292e+00	-9.042518e-04
6.770056916713603e-03	-9.920698e-01	-9.935543e+00	-9.040229e-04
6.789588166713603e-03	-9.692234e-01	-9.928408e+00	-9.031745e-04
6.809119416713603e-03	-9.317991e-01	-9.908405e+00	-9.010356e-04
6.828650666713602e-03	-8.803595e-01	-9.807133e+00	-8.914490e-04
6.838416291713602e-03	-8.496179e-01	-9.665738e+00	-8.784347e-04
6.847328057654062e-03	-8.187705e-01	-9.467315e+00	-8.602811e-04
6.857093682654062e-03	-7.820241e-01	-9.185033e+00	-8.345189e-04
6.866859307654061e-03	-7.423344e-01	-8.850587e+00	-8.040314e-04
6.886390557654061e-03	-6.547329e-01	-8.053561e+00	-7.314388e-04
6.905921807654061e-03	-5.572836e-01	-7.118631e+00	-6.463339e-04
6.925453057654060e-03	-4.514523e-01	-6.071484e+00	-5.510437e-04
6.944984307654060e-03	-3.388307e-01	-4.932056e+00	-4.473789e-04
6.964515557654059e-03	-2.211128e-01	-3.718940e+00	-3.370296e-04
6.984046807654059e-03	-1.000691e-01	-2.450803e+00	-2.216936e-04
7.003578057654058e-03	2.247971e-02	-1.146738e+00	-1.031073e-04
7.023109307654058e-03	1.446904e-01	1.737895e-01	1.695915e-05
7.042640557654058e-03	2.647248e-01	1.491138e+00	1.367196e-04
7.062171807654057e-03	3.807775e-01	2.785737e+00	2.543946e-04
7.081703057654057e-03	4.911029e-01	4.038349e+00	3.682355e-04
7.101234307654056e-03	5.940418e-01	5.230345e+00	4.765491e-04
7.120765557654056e-03	6.880456e-01	6.343970e+00	5.777217e-04
7.140296807654056e-03	7.717006e-01	7.362595e+00	6.702426e-04
7.150062432654055e-03	8.092475e-01	7.831306e+00	7.128068e-04
7.159828057654055e-03	8.437486e-01	8.241499e+00	7.500747e-04
7.165516559515554e-03	8.623897e-01	8.384275e+00	7.631065e-04
7.177774514898853e-03	8.987851e-01	8.442308e+00	7.686631e-04
7.193783139469328e-03	9.382634e-01	8.449447e+00	7.696564e-04
7.213314389469328e-03	9.735517e-01	8.454885e+00	7.704640e-04
7.232845639469327e-03	9.941970e-01	8.457649e+00	7.708988e-04
7.252376889469327e-03	9.998885e-01	8.458498e+00	7.710265e-04
7.271908139469326e-03	9.905408e-01	8.457618e+00	7.708631e-04
7.291439389469326e-03	9.662945e-01	8.454821e+00	7.703928e-04
7.310970639469326e-03	9.275141e-01	8.449381e+00	7.695538e-04
7.330501889469325e-03	8.747832e-01	8.439194e+00	7.681613e-04
7.350033139469325e-03	8.088946e-01	8.413950e+00	7.652941e-04
7.359798764469325e-03	7.713186e-01	8.374249e+00	7.613801e-04
7.368248927958049e-03	7.364560e-01	8.288992e+00	7.533866e-04
7.376052155015272e-03	7.024168e-01	8.139038e+00	7.395712e-04
7.383804393413154e-03	6.669282e-01	7.917128e+00	7.192589e-04
7.393570018413153e-03	6.199816e-01	7.561324e+00	6.867807e-04
7.403335643413153e-03	5.707017e-01	7.144196e+00	6.487580e-04
7.413101268413153e-03	5.192737e-01	6.676425e+00	6.061537e-04
7.422866893413153e-03	4.658913e-01	6.168655e+00	5.599281e-04
7.442398143413152e-03	3.540734e-01	5.060830e+00	4.591176e-04
7.461929393413152e-03	2.369300e-01	3.860837e+00	3.499558e-04
7.481460643413151e-03	1.162230e-01	2.595824e+00	2.349042e-04
7.500991893413151e-03	-6.232210e-03	1.288412e+00	1.160173e-04
7.520523143413151e-03	-1.285936e-01	-4.023289e-02	-4.781789e-06
7.540054393413150e-03	-2.490209e-01	-1.369414e+00	-1.256117e-04
7.559585643413150e-03	-3.657027e-01	-2.678709e+00	-2.446164e-04
7.579116893413149e-03	-4.768839e-01	-3.948099e+00	-3.599766e-04
7.598648143413149e-03	-5.808924e-01	-5.158209e+00	-4.699316e-04
7.618179393413149e-03	-6.761637e-01	-6.290587e+00	-5.728052e-04
7.637710643413148e-03	-7.612649e-01	-7.327993e+00	-6.670312e-04
7.657241893413148e-03	-8.349159e-01	-8.254663e+00	-7.511778e-04
7.676773143413147e-03	-8.960090e-01	-9.056558e+00	-8.239705e-04
7.696304393413147e-03	-9.436253e-01	-9.711902e+00	-8.834413e-04
7.703327718236575e-03	-9.573093e-01	-9.861918e+00	-8.970813e-04
7.715630596230488e-03	-9.767734e-01	-9.928668e+00	-9.032711e-04
7.730760663677079e-03	-9.927024e-01	-9.934578e+00	-9.039422e-04
7.750291913677079e-03	-9.999983e-01	-9.937286e+00	-9.042513e-04
7.769823163677078e-03	-9.922534e-01	-9.935591e+00	-9.040289e-04
7.789354413677078e-03	-9.695840e-01	-9.928540e+00	-9.031896e-04
7.808885663677077e-03	-9.323311e-01	-9.908827e+00	-9.010783e-04
7.828416913677078e-03	-8.810552e-01	-9.809630e+00	-8.916802e-04
7.838182538677078e-03	-8.503916e-01	-9.670124e+00	-8.788367e-04
7.847090608837450e-03	-8.196261e-01	-9.473390e+00	-8.608361e-04
7.856856233837450e-03	-7.829531e-01	-9.192544e+00	-8.352039e-04
7.866621858837450e-03	-7.433332e-01	-8.859282e+00	-8.048237e-04
7.886153108837449e-03	-6.558598e-01	-8.064142e+00	-7.324022e-04
7.905684358837449e-03	-5.585218e-01	-7.130715e+00	-6.474336e-04
7.925215608837449e-03	-4.527830e-01	-6.084806e+00	-5.522559e-04
7.944746858837448e-03	-3.402340e-01	-4.946389e+00	-4.486827e-04
7.964278108837448e-03	-2.225675e-01	-3.734056e+00	-3.384046e-04
7.983809358837447e-03	-1.015534e-01	-2.466475e+00	-2.231188e-04
8.003340608837447e-03	2.098812e-02	-1.162731e+00	-1.045615e-04
8.022871858837446e-03	1.432140e-01	1.577146e-01	1.549768e-05
8.042403108837446e-03	2.632858e-01	1.475220e+00	1.352726e-04
8.061934358837446e-03	3.793975e-01	2.770211e+00	2.529835e-04
8.081465608837445e-03	4.898028e-01	4.023447e+00	3.668813e-04
8.100996858837445e-03	5.928409e-01	5.216289e+00	4.752720e-04
8.120528108837444e-03	6.869622e-01	6.330969e+00	5.765407e-04
8.140059358837444e-03	7.707509e-01	7.350843e+00	6.691755e-04
8.149824983837444e-03	8.083701e-01	7.820295e+00	7.118070e-04
8.159590608837444e-03	8.429468e-01	8.233010e+00	7.493027e-04
8.165354587818979e-03	8.618740e-01	8.380507e+00	7.627623e-04
8.177832451722000e-03	8.989446e-01	8.442437e+00	7.686761e-04
8.193841221347423e-03	9.383895e-01	8.449469e+00	7.696595e-04
8.213372471347423e-03	9.736350e-01	8.454897e+00	7.704657e-04
8.232903721347423e-03	9.942361e-01	8.457655e+00	7.708996e-04
8.252434971347422e-03	9.998830e-01	8.458498e+00	7.710264e-04
8.271966221347422e-03	9.904907e-01	8.457612e+00	7.708622e-04
8.291497471347421e-03	9.662004e-01	8.454809e+00	7.703910e-04
8.311028721347421e-03	9.273776e-01	8.449360e+00	7.695506e-04
8.330559971347420e-03	8.746063e-01	8.439151e+00	7.681559e-04
8.350091221347420e-03	8.086799e-01	8.413808e+00	7.652795e-04
8.359856846347420e-03	7.710863e-01	8.374177e+00	7.613717e-04
8.368183711716983e-03	7.367331e-01	8.288346e+00	7.533306e-04
8.376761686182135e-03	6.992366e-01	8.119875e+00	7.378156e-04
8.384608741020646e-03	6.631539e-01	7.891112e+00	7.168810e-04
8.394374366020646e-03	6.160084e-01	7.529347e+00	6.838641e-04
8.404139991020645e-03	5.665444e-01	7.107488e+00	6.454136e-04
8.413905616020645e-03	5.149480e-01	6.636045e+00	6.024769e-04
8.423671241020645e-03	4.614135e-01	6.125326e+00	5.559843e-04
8.443202491020645e-03	3.493425e-01	5.013030e+00	4.547688e-04
8.462733741020644e-03	2.320171e-01	3.809864e+00	3.453195e-04
8.482264991020644e-03	1.112019e-01	2.542672e+00	2.300706e-04
8.501796241020643e-03	-1.128588e-02	1.233973e+00	1.110673e-04
8.521327491020643e-03	-1.336039e-01	-9.510209e-02	-9.770056e-06
8.540858741020643e-03	-2.539124e-01	-1.423865e+00	-1.305613e-04
8.560389991020642e-03	-3.704018e-01	-2.731909e+00	-2.494515e-04
8.579921241020642e-03	-4.813200e-01	-3.999235e+00	-3.646233e-04
8.599452491020641e-03	-5.849987e-01	-5.206500e+00	-4.743192e-04
8.618983741020641e-03	-6.798785e-01	-6.335299e+00	-5.768667e-04
8.638514991020640e-03	-7.645323e-01	-7.368444e+00	-6.707048e-04
8.658046241020640e-03	-8.376868e-01	-8.290239e+00	-7.544078e-04
8.677577491020640e-03	-8.982417e-01	-9.086723e+00	-8.267082e-04
8.687343116020639e-03	-9.235018e-01	-9.434079e+00	-8.582288e-04
8.697108741020639e-03	-9.452862e-01	-9.734702e+00	-8.855107e-04
8.703649784170233e-03	-9.578923e-01	-9.866971e+00	-8.975419e-04
8.716282391996935e-03	-9.776428e-01	-9.929192e+00	-9.033262e-04
8.732086950925241e-03	-9.936728e-01	-9.934894e+00	-9.039788e-04
8.751618200925241e-03	-9.999483e-01	-9.937308e+00	-9.042529e-04
8.771149450925241e-03	-9.911836e-01	-9.935308e+00	-9.039938e-04
8.790680700925240e-03	-9.675106e-01	-9.927773e+00	-9.031019e-04
8.810211950925240e-03	-9.292854e-01	-9.906324e+00	-9.008255e-04
8.829743200925239e-03	-8.770829e-01	-9.795668e+00	-8.903869e-04
8.839147812370924e-03	-8.471849e-01	-9.651977e+00	-8.771731e-04
8.848283725410929e-03	-8.153083e-01	-9.442066e+00	-8.579750e-04
8.858049350410929e-03	-7.782676e-01	-9.154477e+00	-8.317323e-04
8.867814975410929e-03	-7.382977e-01	-8.815321e+00	-8.008180e-04
8.887346225410929e-03	-6.501824e-01	-8.010767e+00	-7.275425e-04
8.906877475410928e-03	-5.522878e-01	-7.069829e+00	-6.418923e-04
8.926408725410928e-03	-4.460863e-01	-6.017725e+00	-5.461522e-04
8.945939975410927e-03	-3.331752e-01	-4.874262e+00	-4.421213e-04
8.965471225410927e-03	-2.152528e-01	-3.658016e+00	-3.314882e-04
8.985002475410927e-03	-9.409283e-02	-2.387674e+00	-2.159525e-04
9.004533725410926e-03	2.848238e-02	-1.082348e+00	-9.725235e-05
9.024064975410926e-03	1.506292e-01	2.384816e-01	2.284072e-05
9.043596225410925e-03	2.705104e-01	1.555171e+00	1.425404e-04
9.063127475410925e-03	3.863229e-01	2.848158e+00	2.600681e-04
9.082658725410924e-03	4.963247e-01	4.098232e+00	3.736774e-04
9.102189975410924e-03	5.988613e-01	5.286798e+00	4.816784e-04
9.121721225410924e-03	6.923906e-01	6.396152e+00	5.824619e-04
9.141252475410923e-03	7.755055e-01	7.409724e+00	6.745228e-04
9.151018100410923e-03	8.127604e-01	7.875106e+00	7.167844e-04
9.160783725410923e-03	8.469563e-01	8.273673e+00	7.530024e-04
9.166238994151742e-03	8.646787e-01	8.398582e+00	7.644164e-04
9.178071739574307e-03	8.996022e-01	8.442307e+00	7.686701e-04
9.194156218136917e-03	9.390717e-01	8.449585e+00	7.696762e-04
9.213687468136916e-03	9.740846e-01	8.454959e+00	7.704754e-04
9.233218718136916e-03	9.944463e-01	8.457682e+00	7.709040e-04
9.252749968136915e-03	9.998507e-01	8.458496e+00	7.710261e-04
9.272281218136915e-03	9.902164e-01	8.457583e+00	7.708571e-04
9.291812468136915e-03	9.656883e-01	8.454745e+00	7.703806e-04
9.311343718136914e-03	9.266354e-01	8.449242e+00	7.695333e-04
9.330874968136914e-03	8.736449e-01	8.438920e+00	7.681265e-04
9.350406218136913e-03	8.075141e-01	8.413026e+00	7.651985e-04
9.360171843136913e-03	7.698246e-01	8.370958e+00	7.610701e-04
9.368873063927688e-03	7.337974e-01	8.278356e+00	7.524042e-04
9.376788052444643e-03	6.991182e-01	8.119988e+00	7.378251e-04
9.384776271966657e-03	6.623657e-01	7.884881e+00	7.163125e-04
9.394541896966657e-03	6.151788e-01	7.522351e+00	6.832264e-04
9.404307521966656e-03	5.656766e-01	7.099626e+00	6.446975e-04
9.414073146966656e-03	5.140454e-01	6.627493e+00	6.016983e-04
9.423838771966656e-03	4.604793e-01	6.116207e+00	5.551544e-04
9.443370021966655e-03	3.483560e-01	5.003029e+00	4.538589e-04
9.462901271966655e-03	2.309930e-01	3.799224e+00	3.443517e-04
9.482432521966655e-03	1.101557e-01	2.531589e+00	2.290627e-04
9.501963771966654e-03	-1.233843e-02	1.222628e+00	1.100358e-04
9.521495021966654e-03	-1.346470e-01	-1.065309e-01	-1.080907e-05
9.541026271966653e-03	-2.549303e-01	-1.435202e+00	-1.315918e-04
9.560557521966653e-03	-3.713793e-01	-2.742981e+00	-2.504578e-04
9.580088771966653e-03	-4.822424e-01	-4.009872e+00	-3.655900e-04
9.599620021966652e-03	-5.858521e-01	-5.216542e+00	-4.752315e-04
9.619151271966652e-03	-6.806500e-01	-6.344591e+00	-5.777108e-04
9.638682521966651e-03	-7.652103e-01	-7.376846e+00	-6.714679e-04
9.658213771966651e-03	-8.382612e-01	-8.297623e+00	-7.550782e-04
9.677745021966650e-03	-8.987038e-01	-9.092977e+00	-8.272757e-04
9.687510646966650e-03	-9.239051e-01	-9.439718e+00	-8.587405e-04
9.697276271966650e-03	-9.456291e-01	-9.739166e+00	-8.859160e-04
9.703754927302796e-03	-9.580818e-01	-9.868241e+00	-8.976579e-04
9.716510791287812e-03	-9.779435e-01	-9.929359e+00	-9.033441e-04
9.732336441794571e-03	-9.938477e-01	-9.934954e+00	-9.039859e-04
9.751867691794570e-03	-9.999312e-01	-9.937310e+00	-9.042529e-04
9.771398941794570e-03	-9.909747e-01	-9.935253e+00	-9.039870e-04
9.790930191794570e-03	-9.671131e-01	-9.927623e+00	-9.030848e-04
9.810461441794569e-03	-9.287053e-01	-9.905811e+00	-9.007741e-04
9.829992691794569e-03	-8.763288e-01	-9.792994e+00	-8.901393e-04
9.839265139595915e-03	-8.467930e-01	-9.650055e+00	-8.769966e-04
9.848315151767578e-03	-8.151940e-01	-9.441335e+00	-8.579082e-04
9.858080776767577e-03	-7.781436e-01	-9.153424e+00	-8.316364e-04
9.867846401767577e-03	-7.381645e-01	-8.814131e+00	-8.007096e-04
9.887377651767577e-03	-6.500324e-01	-8.009346e+00	-7.274131e-04
9.906908901767576e-03	-5.521232e-01	-7.068217e+00	-6.417455e-04
9.926440151767576e-03	-4.459095e-01	-6.015952e+00	-5.459909e-04
9.945971401767575e-03	-3.329890e-01	-4.872358e+00	-4.419481e-04
9.965502651767575e-03	-2.150600e-01	-3.656010e+00	-3.313058e-04
9.985033901767575e-03	-9.389625e-02	-2.385596e+00	-2.157635e-04
9.994799526767574e-03	-3.266972e-02	-1.736737e+00	-1.567568e-04
1.000000000000000e-02	-nan(ind)	-nan(ind)	-nan(ind)
