time	V(vin)	V(vo)	I(Rl)
0.000000000000000e+00	0.000000e+00	-1.308061e-02	-2.335467e-06
1.230124009248336e-07	1.545821e-03	-1.300659e-02	-2.294646e-06
2.460248018496673e-07	3.091639e-03	-1.282902e-02	-2.235335e-06
3.690372027745009e-07	4.637454e-03	-1.254792e-02	-2.157534e-06
4.920496036993346e-07	6.183266e-03	-1.216327e-02	-2.061244e-06
6.150620046241683e-07	7.729075e-03	-1.167508e-02	-1.946463e-06
7.380744055490018e-07	9.274881e-03	-1.108334e-02	-1.813193e-06
8.610868064738352e-07	1.082068e-02	-1.038806e-02	-1.661434e-06
1.444485502033451e-06	1.815169e-02	-5.469319e-03	-6.521803e-07
2.611282893152681e-06	3.281287e-02	9.830067e-03	2.341648e-06
3.941860132228685e-06	4.952981e-02	3.543146e-02	7.211825e-06
5.783037890635101e-06	7.265580e-02	8.445794e-02	1.637947e-05
8.273147828613202e-06	1.039166e-01	1.706902e-01	3.233621e-05
1.168296187912898e-05	1.466806e-01	3.171431e-01	5.925190e-05
1.614855885909141e-05	2.025808e-01	5.441892e-01	1.007935e-04
2.213317157000592e-05	2.772380e-01	8.875855e-01	1.634464e-04
2.894073733829350e-05	3.616791e-01	1.309816e+00	2.403508e-04
3.744321043717656e-05	4.661968e-01	1.860299e+00	3.405145e-04
5.697446043717656e-05	7.007681e-01	3.143381e+00	5.738203e-04
7.650571043717655e-05	9.247991e-01	4.395006e+00	8.013216e-04
9.603696043717654e-05	1.134920e+00	5.582858e+00	1.017187e-03
1.155682104371765e-04	1.327971e+00	6.687250e+00	1.217843e-03
1.350994604371765e-04	1.501048e+00	7.691361e+00	1.400237e-03
1.448650854371766e-04	1.579270e+00	8.148635e+00	1.483301e-03
1.501583727253995e-04	1.619203e+00	8.347184e+00	1.519478e-03
1.538491467080207e-04	1.645989e+00	8.418056e+00	1.532613e-03
1.680851552543522e-04	1.742019e+00	8.439594e+00	1.538163e-03
1.823211638006838e-04	1.822873e+00	8.456680e+00	1.542649e-03
1.965571723470154e-04	1.888552e+00	8.469314e+00	1.546072e-03
2.107931808933470e-04	1.939056e+00	8.477496e+00	1.548430e-03
2.250291894396786e-04	1.974384e+00	8.481227e+00	1.549725e-03
2.392651979860102e-04	1.994538e+00	8.480505e+00	1.549957e-03
2.535012065323417e-04	1.999516e+00	8.475332e+00	1.549124e-03
2.730324565323418e-04	1.979093e+00	8.474436e+00	1.548600e-03
2.925637065323418e-04	1.928903e+00	8.471745e+00	1.547224e-03
3.120949565323418e-04	1.849701e+00	8.466452e+00	1.544866e-03
3.316262065323418e-04	1.742677e+00	8.456245e+00	1.541134e-03
3.511574565323418e-04	1.609442e+00	8.428543e+00	1.533810e-03
3.609230815323418e-04	1.533607e+00	8.382613e+00	1.524266e-03
3.666868960345982e-04	1.486120e+00	8.313099e+00	1.511013e-03
3.711880852646992e-04	1.447677e+00	8.210877e+00	1.492075e-03
3.758454103913004e-04	1.406682e+00	8.060475e+00	1.464482e-03
3.827642102811370e-04	1.343567e+00	7.788461e+00	1.414778e-03
3.979082865294474e-04	1.196734e+00	7.072927e+00	1.284376e-03
4.174395365294474e-04	9.915773e-01	6.013026e+00	1.091445e-03
4.369707865294474e-04	7.715067e-01	4.852614e+00	8.803025e-04
4.565020365294475e-04	5.398319e-01	3.617034e+00	6.555302e-04
4.760332865294475e-04	3.000376e-01	2.326227e+00	4.207509e-04
4.955645365294475e-04	5.573046e-02	9.998567e-01	1.795405e-04
5.150957865294475e-04	-1.894149e-01	-3.420080e-01	-6.445167e-05
5.346270365294475e-04	-4.317114e-01	-1.679064e+00	-3.075344e-04
5.541582865294475e-04	-6.675144e-01	-2.991073e+00	-5.460284e-04
5.736895365294476e-04	-8.932775e-01	-4.258166e+00	-7.763228e-04
5.932207865294476e-04	-1.105605e+00	-5.461158e+00	-9.949307e-04
6.127520365294476e-04	-1.301303e+00	-6.581841e+00	-1.198544e-03
6.322832865294476e-04	-1.477428e+00	-7.603268e+00	-1.384084e-03
6.518145365294476e-04	-1.631331e+00	-8.510014e+00	-1.548748e-03
6.713457865294476e-04	-1.760698e+00	-9.288412e+00	-1.690056e-03
6.811114115294476e-04	-1.815557e+00	-9.623846e+00	-1.750940e-03
6.889305858519380e-04	-1.854564e+00	-9.841805e+00	-1.790571e-03
6.931129437453611e-04	-1.873597e+00	-9.906134e+00	-1.802403e-03
7.068608654347492e-04	-1.926980e+00	-9.940652e+00	-1.809510e-03
7.263561690874149e-04	-1.977971e+00	-9.951134e+00	-1.812275e-03
7.458874190874149e-04	-1.999332e+00	-9.954758e+00	-1.813304e-03
7.654186690874149e-04	-1.990622e+00	-9.954002e+00	-1.813013e-03
7.849499190874150e-04	-1.951971e+00	-9.948393e+00	-1.811322e-03
8.044811690874150e-04	-1.883960e+00	-9.932874e+00	-1.807338e-03
8.240124190874150e-04	-1.787613e+00	-9.858808e+00	-1.792405e-03
8.296046518610060e-04	-1.755001e+00	-9.790647e+00	-1.779659e-03
8.412143370510553e-04	-1.680430e+00	-9.513618e+00	-1.728856e-03
8.565424569743446e-04	-1.568356e+00	-8.983130e+00	-1.632114e-03
8.753006677352409e-04	-1.411539e+00	-8.195552e+00	-1.488673e-03
8.948319177352409e-04	-1.227482e+00	-7.250026e+00	-1.316546e-03
9.143631677352409e-04	-1.024963e+00	-6.195269e+00	-1.124583e-03
9.338944177352409e-04	-8.070270e-01	-5.047966e+00	-9.158197e-04
9.534256677352409e-04	-5.769527e-01	-3.825418e+00	-6.934031e-04
9.729569177352410e-04	-3.382005e-01	-2.545943e+00	-4.606661e-04
9.924881677352410e-04	-9.436142e-02	-1.228678e+00	-2.210899e-04
1.012019417735241e-03	1.508969e-01	1.066929e-01	2.174465e-05
1.031550667735241e-03	3.938856e-01	1.440219e+00	2.642092e-04
1.051081917735241e-03	6.309500e-01	2.751976e+00	5.026809e-04
1.070613167735241e-03	8.585242e-01	4.022359e+00	7.335950e-04
1.090144417735241e-03	1.073185e+00	5.232364e+00	9.534970e-04
1.109675667735241e-03	1.271705e+00	6.363873e+00	1.159094e-03
1.129206917735241e-03	1.451097e+00	7.399919e+00	1.347302e-03
1.138972542735241e-03	1.532764e+00	7.876310e+00	1.433829e-03
1.148738167735241e-03	1.608663e+00	8.293480e+00	1.509693e-03
1.153028240443400e-03	1.640107e+00	8.400997e+00	1.529460e-03
1.161982389242373e-03	1.701873e+00	8.446703e+00	1.538725e-03
1.175934136935150e-03	1.787312e+00	8.458537e+00	1.542341e-03
1.195465386935150e-03	1.883734e+00	8.467642e+00	1.545686e-03
1.214996636935150e-03	1.951824e+00	8.472366e+00	1.547744e-03
1.234527886935150e-03	1.990557e+00	8.474709e+00	1.548853e-03
1.254059136935150e-03	1.999350e+00	8.475328e+00	1.549121e-03
1.273590386935150e-03	1.978070e+00	8.474386e+00	1.548573e-03
1.293121636935150e-03	1.927039e+00	8.471637e+00	1.547172e-03
1.312652886935150e-03	1.847023e+00	8.466247e+00	1.544781e-03
1.332184136935150e-03	1.739226e+00	8.455828e+00	1.540998e-03
1.351715386935150e-03	1.605270e+00	8.426792e+00	1.533423e-03
1.361481011935150e-03	1.529097e+00	8.378230e+00	1.523404e-03
1.366934488482385e-03	1.484036e+00	8.308551e+00	1.510164e-03
1.371658782094819e-03	1.443589e+00	8.196943e+00	1.489513e-03
1.376477673192560e-03	1.401023e+00	8.038043e+00	1.460375e-03
1.383273744030960e-03	1.338818e+00	7.767217e+00	1.410900e-03
1.398848514877366e-03	1.187246e+00	7.024450e+00	1.275549e-03
1.418379764877366e-03	9.812992e-01	5.959224e+00	1.081654e-03
1.437911014877366e-03	7.605925e-01	4.794690e+00	8.697643e-04
1.457442264877366e-03	5.284459e-01	3.556005e+00	6.444289e-04
1.476973514877366e-03	2.883509e-01	2.263032e+00	4.092575e-04
1.496504764877366e-03	4.391889e-02	9.354527e-01	1.678291e-04
1.516036014877366e-03	-2.011737e-01	-4.066464e-01	-7.620402e-05
1.535567264877366e-03	-4.432405e-01	-1.742959e+00	-3.191498e-04
1.555098514877366e-03	-6.786405e-01	-3.053256e+00	-5.573311e-04
1.574629764877366e-03	-9.038332e-01	-4.317697e+00	-7.871416e-04
1.594161014877366e-03	-1.115431e+00	-5.517135e+00	-1.005102e-03
1.613692264877366e-03	-1.310252e+00	-6.633416e+00	-1.207914e-03
1.633223514877366e-03	-1.485366e+00	-7.649662e+00	-1.392510e-03
1.652754764877366e-03	-1.638138e+00	-8.550527e+00	-1.556104e-03
1.672286014877366e-03	-1.766271e+00	-9.322435e+00	-1.696231e-03
1.682051639877366e-03	-1.820481e+00	-9.656047e+00	-1.756782e-03
1.688703469097041e-03	-1.853494e+00	-9.841244e+00	-1.790454e-03
1.692652829494198e-03	-1.871566e+00	-9.903354e+00	-1.801871e-03
1.709779981175671e-03	-1.936671e+00	-9.930233e+00	-1.807821e-03
1.726907132857144e-03	-1.978931e+00	-9.948791e+00	-1.811881e-03
1.744034284538617e-03	-1.998346e+00	-9.959029e+00	-1.814049e-03
1.761161436220090e-03	-1.994915e+00	-9.960947e+00	-1.814327e-03
1.778288587901563e-03	-1.968640e+00	-9.954544e+00	-1.812713e-03
1.795415739583037e-03	-1.919519e+00	-9.939820e+00	-1.809209e-03
1.812542891264510e-03	-1.847553e+00	-9.916776e+00	-1.803813e-03
1.828137075692215e-03	-1.763771e+00	-9.815111e+00	-1.784185e-03
1.838008571533505e-03	-1.701932e+00	-9.604213e+00	-1.745418e-03
1.852503352967802e-03	-1.599344e+00	-9.135535e+00	-1.659886e-03
1.871702148083643e-03	-1.443212e+00	-8.356420e+00	-1.517965e-03
1.891233398083643e-03	-1.262867e+00	-7.432947e+00	-1.349842e-03
1.910764648083643e-03	-1.063528e+00	-6.397054e+00	-1.161304e-03
1.930295898083643e-03	-8.481926e-01	-5.265532e+00	-9.554052e-04
1.949827148083643e-03	-6.200994e-01	-4.055499e+00	-7.352588e-04
1.969358398083643e-03	-3.826794e-01	-2.785096e+00	-5.041654e-04
1.988889648083643e-03	-1.395034e-01	-1.473326e+00	-2.655824e-04
2.008420898083642e-03	1.057708e-01	-1.397960e-01	-2.307627e-05
2.027952148083642e-03	3.494540e-01	1.195572e+00	2.197296e-04
2.047483398083641e-03	5.878813e-01	2.512826e+00	4.592073e-04
2.067014648083641e-03	8.174661e-01	3.792282e+00	6.917773e-04
2.086545898083640e-03	1.034756e+00	5.014803e+00	9.139612e-04
2.106077148083640e-03	1.236481e+00	6.162087e+00	1.122432e-03
2.125608398083640e-03	1.419609e+00	7.216936e+00	1.314065e-03
2.145139648083639e-03	1.581385e+00	8.160214e+00	1.485407e-03
2.150317908284470e-03	1.620379e+00	8.351039e+00	1.520187e-03
2.154055012326645e-03	1.647457e+00	8.419881e+00	1.532965e-03
2.171136289539164e-03	1.761087e+00	8.441734e+00	1.538885e-03
2.188217566751682e-03	1.852581e+00	8.458899e+00	1.543574e-03
2.205298843964201e-03	1.921939e+00	8.471374e+00	1.547034e-03
2.222380121176719e-03	1.969160e+00	8.479160e+00	1.549263e-03
2.239461398389238e-03	1.994246e+00	8.482257e+00	1.550263e-03
2.256542675601756e-03	1.997195e+00	8.480664e+00	1.550032e-03
2.273623952814275e-03	1.978008e+00	8.474382e+00	1.548571e-03
2.293155202814274e-03	1.926926e+00	8.471630e+00	1.547168e-03
2.312686452814274e-03	1.846861e+00	8.466234e+00	1.544776e-03
2.332217702814274e-03	1.739018e+00	8.455802e+00	1.540989e-03
2.351748952814273e-03	1.605018e+00	8.426682e+00	1.533399e-03
2.361514577814273e-03	1.528825e+00	8.377217e+00	1.523218e-03
2.367119918794571e-03	1.482472e+00	8.304316e+00	1.509380e-03
2.371881778649859e-03	1.441648e+00	8.190263e+00	1.488285e-03
2.376733043515607e-03	1.398731e+00	8.029118e+00	1.458741e-03
2.383200739954018e-03	1.339499e+00	7.770013e+00	1.411411e-03
2.398675131892094e-03	1.188999e+00	7.034048e+00	1.277296e-03
2.418206381892094e-03	9.831970e-01	5.969147e+00	1.083460e-03
2.437737631892093e-03	7.626072e-01	4.805382e+00	8.717096e-04
2.457268881892093e-03	5.305469e-01	3.567268e+00	6.464777e-04
2.476800131892093e-03	2.905068e-01	2.274692e+00	4.113781e-04
2.496331381892092e-03	4.609713e-02	9.473317e-01	1.699892e-04
2.515862631892092e-03	-1.990059e-01	-3.947276e-01	-7.403701e-05
2.535393881892091e-03	-4.411156e-01	-1.731181e+00	-3.170087e-04
2.554925131892091e-03	-6.765906e-01	-3.041797e+00	-5.552482e-04
2.574456381892091e-03	-9.018890e-01	-4.306730e+00	-7.851486e-04
2.593987631892090e-03	-1.113622e+00	-5.506826e+00	-1.003229e-03
2.613518881892090e-03	-1.308605e+00	-6.623922e+00	-1.206189e-03
2.633050131892089e-03	-1.483906e+00	-7.641127e+00	-1.390960e-03
2.652581381892089e-03	-1.636887e+00	-8.543078e+00	-1.554752e-03
2.672112631892088e-03	-1.765248e+00	-9.316186e+00	-1.695097e-03
2.681878256892088e-03	-1.819577e+00	-9.650196e+00	-1.755720e-03
2.688728037742817e-03	-1.853610e+00	-9.841148e+00	-1.790439e-03
2.692709110439683e-03	-1.871815e+00	-9.903681e+00	-1.801933e-03
2.709867816528500e-03	-1.936942e+00	-9.930522e+00	-1.807878e-03
2.727026522617317e-03	-1.979141e+00	-9.949000e+00	-1.811922e-03
2.744185228706134e-03	-1.998412e+00	-9.959114e+00	-1.814066e-03
2.761343934794951e-03	-1.994755e+00	-9.960866e+00	-1.814310e-03
2.778502640883768e-03	-1.968170e+00	-9.954255e+00	-1.812654e-03
2.795661346972585e-03	-1.918657e+00	-9.939281e+00	-1.809097e-03
2.812820053061402e-03	-1.846216e+00	-9.915943e+00	-1.803641e-03
2.828338253097427e-03	-1.762578e+00	-9.811935e+00	-1.783597e-03
2.838445935234942e-03	-1.699039e+00	-9.592465e+00	-1.743269e-03
2.852926092935641e-03	-1.596149e+00	-9.119879e+00	-1.657033e-03
2.872097834176455e-03	-1.439765e+00	-8.338944e+00	-1.514783e-03
2.891629084176454e-03	-1.259008e+00	-7.413017e+00	-1.346214e-03
2.911160334176454e-03	-1.059314e+00	-6.375023e+00	-1.157295e-03
2.930691584176453e-03	-8.436870e-01	-5.241737e+00	-9.510758e-04
2.950222834176453e-03	-6.153702e-01	-4.030298e+00	-7.306742e-04
2.969754084176452e-03	-3.777977e-01	-2.758866e+00	-4.993944e-04
2.989285334176452e-03	-1.345428e-01	-1.446459e+00	-2.606962e-04
3.008816584176452e-03	1.107358e-01	-1.126933e-01	-1.814794e-05
3.028347834176451e-03	3.543488e-01	1.222505e+00	2.246264e-04
3.047879084176451e-03	5.926321e-01	2.539188e+00	4.639995e-04
3.067410334176450e-03	8.220016e-01	3.817677e+00	6.963932e-04
3.086941584176450e-03	1.039008e+00	5.038853e+00	9.183316e-04
3.106472834176450e-03	1.240386e+00	6.184431e+00	1.126492e-03
3.126004084176449e-03	1.423107e+00	7.237238e+00	1.317753e-03
3.145535334176449e-03	1.584424e+00	8.176632e+00	1.488393e-03
3.150555168840476e-03	1.622125e+00	8.356453e+00	1.521185e-03
3.154380895284373e-03	1.649776e+00	8.422448e+00	1.533465e-03
3.172962613332093e-03	1.772132e+00	8.443709e+00	1.539434e-03
3.191544331379814e-03	1.868157e+00	8.460296e+00	1.544102e-03
3.210126049427534e-03	1.937851e+00	8.472208e+00	1.547467e-03
3.228707767475255e-03	1.981215e+00	8.479447e+00	1.549529e-03
3.247289485522976e-03	1.998248e+00	8.482010e+00	1.550290e-03
3.265871203570696e-03	1.988950e+00	8.479900e+00	1.549748e-03
3.284452921618416e-03	1.953322e+00	8.473115e+00	1.547904e-03
3.303984171618416e-03	1.886047e+00	8.469059e+00	1.545980e-03
3.323515421618416e-03	1.790405e+00	8.461371e+00	1.542901e-03
3.343046671618415e-03	1.667833e+00	8.444792e+00	1.537754e-03
3.362577921618415e-03	1.520176e+00	8.365882e+00	1.521040e-03
3.367982600794534e-03	1.475174e+00	8.285045e+00	1.505807e-03
3.373484598906353e-03	1.427615e+00	8.139138e+00	1.478903e-03
3.378925800517618e-03	1.378903e+00	7.946796e+00	1.443686e-03
3.384997719924711e-03	1.322645e+00	7.692157e+00	1.397207e-03
3.401516395922110e-03	1.160101e+00	6.887214e+00	1.250560e-03
3.421047645922110e-03	9.519499e-01	5.805307e+00	1.053646e-03
3.440578895922110e-03	7.294805e-01	4.629404e+00	8.396939e-04
3.460110145922109e-03	4.960390e-01	3.382156e+00	6.128064e-04
3.479641395922109e-03	2.551366e-01	2.083287e+00	3.765676e-04
3.499172645922108e-03	1.039679e-02	7.525315e-01	1.345665e-04
3.518703895922108e-03	-2.344994e-01	-5.899760e-01	-1.095360e-04
3.538235145922108e-03	-4.758686e-01	-1.923923e+00	-3.520468e-04
3.557766395922107e-03	-7.100802e-01	-3.229114e+00	-5.892951e-04
3.577297645922107e-03	-9.336116e-01	-4.485785e+00	-8.176885e-04
3.596828895922106e-03	-1.143101e+00	-5.674909e+00	-1.033769e-03
3.616360145922106e-03	-1.335396e+00	-6.778490e+00	-1.234268e-03
3.635891395922105e-03	-1.507606e+00	-7.779842e+00	-1.416153e-03
3.655422645922105e-03	-1.657141e+00	-8.663851e+00	-1.576680e-03
3.674953895922105e-03	-1.781750e+00	-9.417157e+00	-1.713422e-03
3.684719520922104e-03	-1.834107e+00	-9.738411e+00	-1.771737e-03
3.689782199159877e-03	-1.858544e+00	-9.863290e+00	-1.794483e-03
3.697971776276507e-03	-1.894083e+00	-9.929468e+00	-1.806936e-03
3.717383736587121e-03	-1.958149e+00	-9.947391e+00	-1.811253e-03
3.736914986587121e-03	-1.993244e+00	-9.953700e+00	-1.813006e-03
3.756446236587120e-03	-1.998360e+00	-9.954869e+00	-1.813306e-03
3.775977486587120e-03	-1.973418e+00	-9.951710e+00	-1.812297e-03
3.795508736587119e-03	-1.918794e+00	-9.942028e+00	-1.809594e-03
3.815039986587119e-03	-1.835310e+00	-9.907982e+00	-1.802025e-03
3.824805611587119e-03	-1.783121e+00	-9.850577e+00	-1.790856e-03
3.830274420215895e-03	-1.750950e+00	-9.779567e+00	-1.777609e-03
3.841561344154951e-03	-1.678062e+00	-9.503444e+00	-1.726998e-03
3.857172171289675e-03	-1.563433e+00	-8.958571e+00	-1.627640e-03
3.875949264843397e-03	-1.405753e+00	-8.166095e+00	-1.483310e-03
3.895480514843397e-03	-1.221037e+00	-7.216660e+00	-1.310473e-03
3.915011764843396e-03	-1.017956e+00	-6.158562e+00	-1.117904e-03
3.934543014843396e-03	-7.995628e-01	-5.008476e+00	-9.086349e-04
3.954074264843396e-03	-5.691440e-01	-3.783739e+00	-6.858211e-04
3.973605514843395e-03	-3.301646e-01	-2.502698e+00	-4.528004e-04
3.993136764843395e-03	-8.621923e-02	-1.184513e+00	-2.130581e-04
4.012668014843394e-03	1.590229e-01	1.511170e-01	2.982250e-05
4.032199264843394e-03	4.018732e-01	1.484239e+00	2.722125e-04
4.051730514843394e-03	6.386790e-01	2.794934e+00	5.104899e-04
4.071261764843393e-03	8.658785e-01	4.063613e+00	7.410930e-04
4.090793014843393e-03	1.080054e+00	5.271297e+00	9.605718e-04
4.110324264843392e-03	1.277985e+00	6.399901e+00	1.165639e-03
4.129855514843392e-03	1.456694e+00	7.432501e+00	1.353221e-03
4.139621139843392e-03	1.537987e+00	7.905651e+00	1.439162e-03
4.149386764843391e-03	1.613492e+00	8.311540e+00	1.513004e-03
4.153673635887801e-03	1.644735e+00	8.410465e+00	1.531233e-03
4.167441848010034e-03	1.736901e+00	8.452220e+00	1.540327e-03
4.186825082578600e-03	1.844497e+00	8.464385e+00	1.544404e-03
4.206356332578600e-03	1.925273e+00	8.470634e+00	1.546961e-03
4.225887582578599e-03	1.977091e+00	8.473909e+00	1.548470e-03
4.245418832578599e-03	1.999171e+00	8.475247e+00	1.549103e-03
4.264950082578598e-03	1.991183e+00	8.475002e+00	1.548917e-03
4.284481332578598e-03	1.953245e+00	8.473110e+00	1.547902e-03
4.304012582578598e-03	1.885928e+00	8.469050e+00	1.545976e-03
4.323543832578597e-03	1.790246e+00	8.461355e+00	1.542895e-03
4.343075082578597e-03	1.667636e+00	8.444753e+00	1.537743e-03
4.362606332578596e-03	1.519944e+00	8.365613e+00	1.520987e-03
4.367992637868137e-03	1.475089e+00	8.284955e+00	1.505790e-03
4.373469032083098e-03	1.427752e+00	8.139646e+00	1.478997e-03
4.378932030082008e-03	1.378846e+00	7.946528e+00	1.443637e-03
4.384993702742788e-03	1.322683e+00	7.692365e+00	1.397245e-03
4.401520604056642e-03	1.160058e+00	6.886969e+00	1.250515e-03
4.421051854056642e-03	9.519034e-01	5.805063e+00	1.053601e-03
4.440583104056641e-03	7.294312e-01	4.629143e+00	8.396463e-04
4.460114354056641e-03	4.959878e-01	3.381881e+00	6.127564e-04
4.479645604056641e-03	2.550842e-01	2.083003e+00	3.765159e-04
4.499176854056640e-03	1.034391e-02	7.522429e-01	1.345140e-04
4.518708104056640e-03	-2.345520e-01	-5.902650e-01	-1.095886e-04
4.538239354056639e-03	-4.759199e-01	-1.924207e+00	-3.520987e-04
4.557770604056639e-03	-7.101297e-01	-3.229390e+00	-5.893453e-04
4.577301854056639e-03	-9.336584e-01	-4.486049e+00	-8.177366e-04
4.596833104056638e-03	-1.143144e+00	-5.675156e+00	-1.033815e-03
4.616364354056638e-03	-1.335436e+00	-6.778717e+00	-1.234309e-03
4.635895604056637e-03	-1.507641e+00	-7.780046e+00	-1.416190e-03
4.655426854056637e-03	-1.657170e+00	-8.664028e+00	-1.576712e-03
4.674958104056636e-03	-1.781774e+00	-9.417304e+00	-1.713448e-03
4.684723729056636e-03	-1.834128e+00	-9.738535e+00	-1.771760e-03
4.689784157808737e-03	-1.858553e+00	-9.863324e+00	-1.794489e-03
4.697975436237706e-03	-1.894098e+00	-9.929476e+00	-1.806937e-03
4.717387069982904e-03	-1.958157e+00	-9.947392e+00	-1.811254e-03
4.736918319982904e-03	-1.993248e+00	-9.953701e+00	-1.813006e-03
4.756449569982903e-03	-1.998358e+00	-9.954869e+00	-1.813306e-03
4.775980819982903e-03	-1.973411e+00	-9.951709e+00	-1.812297e-03
4.795512069982902e-03	-1.918782e+00	-9.942026e+00	-1.809593e-03
4.815043319982902e-03	-1.835293e+00	-9.907968e+00	-1.802022e-03
4.824808944982902e-03	-1.783102e+00	-9.850534e+00	-1.790848e-03
4.830279224966347e-03	-1.750920e+00	-9.779475e+00	-1.777592e-03
4.841564891189392e-03	-1.678037e+00	-9.503342e+00	-1.726979e-03
4.857184525816095e-03	-1.563336e+00	-8.958093e+00	-1.627552e-03
4.875955515745501e-03	-1.405698e+00	-8.165811e+00	-1.483258e-03
4.895486765745501e-03	-1.220975e+00	-7.216338e+00	-1.310414e-03
4.915018015745501e-03	-1.017888e+00	-6.158208e+00	-1.117839e-03
4.934549265745500e-03	-7.994908e-01	-5.008095e+00	-9.085656e-04
4.954080515745500e-03	-5.690686e-01	-3.783337e+00	-6.857479e-04
4.973611765745499e-03	-3.300871e-01	-2.502281e+00	-4.527245e-04
4.993143015745499e-03	-8.614075e-02	-1.184088e+00	-2.129807e-04
5.012674265745498e-03	1.591012e-01	1.515451e-01	2.990035e-05
5.032205515745498e-03	4.019502e-01	1.484663e+00	2.722896e-04
5.051736765745498e-03	6.387534e-01	2.795348e+00	5.105651e-04
5.071268015745497e-03	8.659492e-01	4.064010e+00	7.411652e-04
5.090799265745497e-03	1.080120e+00	5.271671e+00	9.606399e-04
5.110330515745496e-03	1.278045e+00	6.400248e+00	1.165702e-03
5.129861765745496e-03	1.456748e+00	7.432815e+00	1.353277e-03
5.139627390745496e-03	1.538038e+00	7.905928e+00	1.439212e-03
5.149393015745496e-03	1.613539e+00	8.311696e+00	1.513033e-03
5.153680296695504e-03	1.644783e+00	8.410548e+00	1.531249e-03
5.167452144864852e-03	1.736965e+00	8.452229e+00	1.540330e-03
5.186839592070726e-03	1.844567e+00	8.464392e+00	1.544406e-03
5.206370842070726e-03	1.925322e+00	8.470638e+00	1.546963e-03
5.225902092070725e-03	1.977118e+00	8.473911e+00	1.548471e-03
5.245433342070725e-03	1.999177e+00	8.475248e+00	1.549103e-03
5.264964592070724e-03	1.991166e+00	8.475001e+00	1.548916e-03
5.284495842070724e-03	1.953206e+00	8.473108e+00	1.547901e-03
5.304027092070724e-03	1.885868e+00	8.469047e+00	1.545975e-03
5.323558342070723e-03	1.790164e+00	8.461348e+00	1.542892e-03
5.343089592070723e-03	1.667536e+00	8.444733e+00	1.537738e-03
5.362620842070722e-03	1.519825e+00	8.365437e+00	1.520954e-03
5.368006301786804e-03	1.474973e+00	8.284673e+00	1.505737e-03
5.373478601659286e-03	1.427667e+00	8.139330e+00	1.478939e-03
5.378953453422191e-03	1.378651e+00	7.945693e+00	1.443485e-03
5.385004265042880e-03	1.322584e+00	7.691896e+00	1.397159e-03
5.401544459121742e-03	1.159814e+00	6.885736e+00	1.250291e-03
5.421075709121741e-03	9.516397e-01	5.803679e+00	1.053349e-03
5.440606959121741e-03	7.291521e-01	4.627658e+00	8.393763e-04
5.460138209121741e-03	4.956974e-01	3.380322e+00	6.124728e-04
5.479669459121740e-03	2.547869e-01	2.081393e+00	3.762231e-04
5.499200709121740e-03	1.004414e-02	7.506062e-01	1.342164e-04
5.518731959121739e-03	-2.348497e-01	-5.919037e-01	-1.098865e-04
5.538263209121739e-03	-4.762111e-01	-1.925823e+00	-3.523924e-04
5.557794459121738e-03	-7.104099e-01	-3.230959e+00	-5.896305e-04
5.577325709121738e-03	-9.339234e-01	-4.487546e+00	-8.180087e-04
5.596856959121738e-03	-1.143390e+00	-5.676560e+00	-1.034069e-03
5.616388209121737e-03	-1.335659e+00	-6.780005e+00	-1.234544e-03
5.635919459121737e-03	-1.507838e+00	-7.781200e+00	-1.416400e-03
5.655450709121736e-03	-1.657338e+00	-8.665030e+00	-1.576894e-03
5.674981959121736e-03	-1.781910e+00	-9.418139e+00	-1.713600e-03
5.684747584121736e-03	-1.834247e+00	-9.739218e+00	-1.771884e-03
5.689799416538291e-03	-1.858624e+00	-9.863577e+00	-1.794536e-03
5.697998391651104e-03	-1.894190e+00	-9.929529e+00	-1.806949e-03
5.717419440173539e-03	-1.958240e+00	-9.947409e+00	-1.811258e-03
5.736950690173538e-03	-1.993281e+00	-9.953707e+00	-1.813008e-03
5.756481940173538e-03	-1.998342e+00	-9.954868e+00	-1.813306e-03
5.776013190173537e-03	-1.973345e+00	-9.951699e+00	-1.812294e-03
5.795544440173537e-03	-1.918667e+00	-9.942000e+00	-1.809587e-03
5.815075690173537e-03	-1.835131e+00	-9.907834e+00	-1.801995e-03
5.824841315173536e-03	-1.782917e+00	-9.850181e+00	-1.790781e-03
5.830306698454981e-03	-1.750753e+00	-9.779001e+00	-1.777504e-03
5.841569272051370e-03	-1.678007e+00	-9.503222e+00	-1.726957e-03
5.857199575079941e-03	-1.563218e+00	-8.957500e+00	-1.627445e-03
5.875974020285420e-03	-1.405532e+00	-8.164968e+00	-1.483105e-03
5.895505270285420e-03	-1.220791e+00	-7.215384e+00	-1.310240e-03
5.915036520285419e-03	-1.017688e+00	-6.157159e+00	-1.117648e-03
5.934567770285419e-03	-7.992777e-01	-5.006967e+00	-9.083604e-04
5.954099020285418e-03	-5.688457e-01	-3.782147e+00	-6.855315e-04
5.973630270285418e-03	-3.298577e-01	-2.501047e+00	-4.525000e-04
5.993161520285418e-03	-8.590843e-02	-1.182827e+00	-2.127515e-04
6.012692770285417e-03	1.593330e-01	1.528125e-01	3.013080e-05
6.032224020285417e-03	4.021780e-01	1.485918e+00	2.725178e-04
6.051755270285416e-03	6.389738e-01	2.796573e+00	5.107878e-04
6.071286520285416e-03	8.661588e-01	4.065186e+00	7.413789e-04
6.090817770285415e-03	1.080316e+00	5.272781e+00	9.608415e-04
6.110349020285415e-03	1.278224e+00	6.401274e+00	1.165889e-03
6.129880270285415e-03	1.456907e+00	7.433742e+00	1.353446e-03
6.139645895285414e-03	1.538186e+00	7.906748e+00	1.439361e-03
6.149411520285414e-03	1.613676e+00	8.312160e+00	1.513119e-03
6.153699982991596e-03	1.644924e+00	8.410790e+00	1.531295e-03
6.167483142686991e-03	1.737158e+00	8.452257e+00	1.540338e-03
6.186883717261379e-03	1.844782e+00	8.464411e+00	1.544414e-03
6.206414967261378e-03	1.925472e+00	8.470648e+00	1.546967e-03
6.225946217261378e-03	1.977202e+00	8.473917e+00	1.548473e-03
6.245477467261377e-03	1.999193e+00	8.475249e+00	1.549104e-03
6.265008717261377e-03	1.991114e+00	8.474998e+00	1.548915e-03
6.284539967261376e-03	1.953086e+00	8.473102e+00	1.547898e-03
6.304071217261376e-03	1.885683e+00	8.469034e+00	1.545969e-03
6.323602467261376e-03	1.789917e+00	8.461324e+00	1.542884e-03
6.343133717261375e-03	1.667229e+00	8.444673e+00	1.537721e-03
6.362664967261375e-03	1.519465e+00	8.364899e+00	1.520851e-03
6.368047438087021e-03	1.474624e+00	8.283825e+00	1.505580e-03
6.373506901433943e-03	1.427418e+00	8.138395e+00	1.478767e-03
6.379018211277077e-03	1.378062e+00	7.943164e+00	1.443023e-03
6.385036707369169e-03	1.322278e+00	7.690457e+00	1.396896e-03
6.401618186015710e-03	1.159059e+00	6.881921e+00	1.249596e-03
6.421149436015710e-03	9.508247e-01	5.799401e+00	1.052571e-03
6.440680686015709e-03	7.282893e-01	4.623072e+00	8.385418e-04
6.460211936015709e-03	4.947997e-01	3.375504e+00	6.115963e-04
6.479743186015709e-03	2.538679e-01	2.076416e+00	3.753181e-04
6.499274436015708e-03	9.117674e-03	7.455477e-01	1.332966e-04
6.509040061015708e-03	-1.135397e-01	7.447694e-02	1.127428e-05
6.528571311015707e-03	-3.571123e-01	-1.266244e+00	-2.324856e-04
6.548102561015707e-03	-5.953137e-01	-2.588167e+00	-4.727929e-04
6.567633811015707e-03	-8.245609e-01	-3.871277e+00	-7.060095e-04
6.587165061015706e-03	-1.041406e+00	-5.096143e+00	-9.286041e-04
6.606696311015706e-03	-1.242587e+00	-6.244223e+00	-1.137207e-03
6.626227561015705e-03	-1.425079e+00	-7.298149e+00	-1.328664e-03
6.645758811015705e-03	-1.586136e+00	-8.242001e+00	-1.500083e-03
6.665290061015705e-03	-1.723337e+00	-9.061541e+00	-1.648877e-03
6.684821311015704e-03	-1.834616e+00	-9.741322e+00	-1.772267e-03
6.689846954719068e-03	-1.858844e+00	-9.864354e+00	-1.794678e-03
6.698071743280972e-03	-1.894486e+00	-9.929697e+00	-1.806984e-03
6.717525790519870e-03	-1.958511e+00	-9.947464e+00	-1.811273e-03
6.737057040519870e-03	-1.993390e+00	-9.953724e+00	-1.813013e-03
6.756588290519869e-03	-1.998287e+00	-9.954863e+00	-1.813304e-03
6.776119540519869e-03	-1.973127e+00	-9.951668e+00	-1.812284e-03
6.795650790519869e-03	-1.918290e+00	-9.941917e+00	-1.809565e-03
6.815182040519868e-03	-1.834599e+00	-9.907391e+00	-1.801906e-03
6.824947665519868e-03	-1.782312e+00	-9.849005e+00	-1.790561e-03
6.830397372062664e-03	-1.750202e+00	-9.777424e+00	-1.777213e-03
6.841585763002915e-03	-1.677895e+00	-9.502765e+00	-1.726874e-03
6.857252262667287e-03	-1.562805e+00	-8.955427e+00	-1.627067e-03
6.876039175819205e-03	-1.404950e+00	-8.162000e+00	-1.482564e-03
6.895570425819205e-03	-1.220142e+00	-7.212025e+00	-1.309629e-03
6.915101675819204e-03	-1.016983e+00	-6.153465e+00	-1.116976e-03
6.934632925819204e-03	-7.985271e-01	-5.002995e+00	-9.076377e-04
6.954164175819203e-03	-5.680607e-01	-3.777956e+00	-6.847692e-04
6.973695425819203e-03	-3.290502e-01	-2.496700e+00	-4.517094e-04
6.993226675819203e-03	-8.509041e-02	-1.178389e+00	-2.119444e-04
7.012757925819202e-03	1.601492e-01	1.572750e-01	3.094224e-05
7.032289175819202e-03	4.029800e-01	1.490339e+00	2.733216e-04
7.051820425819201e-03	6.397496e-01	2.800885e+00	5.115718e-04
7.071351675819201e-03	8.668967e-01	4.069326e+00	7.421314e-04
7.090882925819201e-03	1.081005e+00	5.276687e+00	9.615513e-04
7.110414175819200e-03	1.278854e+00	6.404887e+00	1.166545e-03
7.129945425819200e-03	1.457468e+00	7.437008e+00	1.354039e-03
7.139711050819200e-03	1.538709e+00	7.909627e+00	1.439885e-03
7.149476675819199e-03	1.614160e+00	8.313770e+00	1.513415e-03
7.153769891448295e-03	1.645423e+00	8.411636e+00	1.531455e-03
7.167596057932918e-03	1.737861e+00	8.452357e+00	1.540369e-03
7.187045065445007e-03	1.845564e+00	8.464481e+00	1.544440e-03
7.206576315445006e-03	1.926020e+00	8.470685e+00	1.546983e-03
7.226107565445006e-03	1.977506e+00	8.473934e+00	1.548482e-03
7.245638815445005e-03	1.999249e+00	8.475254e+00	1.549106e-03
7.265170065445005e-03	1.990922e+00	8.474990e+00	1.548910e-03
7.284701315445005e-03	1.952649e+00	8.473079e+00	1.547886e-03
7.304232565445004e-03	1.885006e+00	8.468988e+00	1.545949e-03
7.323763815445004e-03	1.789012e+00	8.461237e+00	1.542852e-03
7.343295065445003e-03	1.666109e+00	8.444450e+00	1.537662e-03
7.362826315445003e-03	1.518146e+00	8.362900e+00	1.520471e-03
7.368198324713217e-03	1.473342e+00	8.280676e+00	1.504995e-03
7.373612032043126e-03	1.426493e+00	8.134906e+00	1.478128e-03
7.379262508453378e-03	1.375835e+00	7.933579e+00	1.441272e-03
7.393087911616588e-03	1.244711e+00	7.314467e+00	1.328368e-03
7.411061144580320e-03	1.060371e+00	6.371709e+00	1.156723e-03
7.430592394580320e-03	8.448169e-01	5.240861e+00	9.509402e-04
7.450123644580319e-03	6.165561e-01	4.027561e+00	7.302072e-04
7.469654894580319e-03	3.790216e-01	2.752646e+00	4.983062e-04
7.489186144580318e-03	1.357864e-01	1.435701e+00	2.587981e-04
7.508717394580318e-03	-1.094912e-01	9.666979e-02	1.530951e-05
7.528248644580317e-03	-3.531220e-01	-1.244192e+00	-2.284765e-04
7.547779894580317e-03	-5.914415e-01	-2.566589e+00	-4.688706e-04
7.567311144580317e-03	-8.208652e-01	-3.850500e+00	-7.022333e-04
7.586842394580316e-03	-1.037942e+00	-5.076481e+00	-9.250314e-04
7.606373644580316e-03	-1.239408e+00	-6.225975e+00	-1.133892e-03
7.625904894580315e-03	-1.422231e+00	-7.281590e+00	-1.325657e-03
7.645436144580315e-03	-1.583663e+00	-8.227381e+00	-1.497428e-03
7.664967394580315e-03	-1.721275e+00	-9.049081e+00	-1.646615e-03
7.684498644580314e-03	-1.832998e+00	-9.732032e+00	-1.770578e-03
7.689646651842493e-03	-1.857914e+00	-9.860992e+00	-1.794061e-03
7.697777375408833e-03	-1.893297e+00	-9.929005e+00	-1.806839e-03
7.717134906566321e-03	-1.957510e+00	-9.947260e+00	-1.811219e-03
7.736666156566320e-03	-1.992985e+00	-9.953657e+00	-1.812994e-03
7.756197406566320e-03	-1.998484e+00	-9.954881e+00	-1.813310e-03
7.775728656566320e-03	-1.973924e+00	-9.951781e+00	-1.812319e-03
7.795259906566319e-03	-1.919674e+00	-9.942221e+00	-1.809644e-03
7.814791156566319e-03	-1.836550e+00	-9.908991e+00	-1.802227e-03
7.824556781566318e-03	-1.784535e+00	-9.853267e+00	-1.791361e-03
7.830059109504801e-03	-1.752255e+00	-9.783258e+00	-1.778291e-03
7.842071063565907e-03	-1.674568e+00	-9.487683e+00	-1.724120e-03
7.857762910613634e-03	-1.558793e+00	-8.935625e+00	-1.623459e-03
7.876451823547122e-03	-1.401254e+00	-8.143180e+00	-1.479138e-03
7.895983073547122e-03	-1.216030e+00	-7.190724e+00	-1.305752e-03
7.915514323547122e-03	-1.012514e+00	-6.130050e+00	-1.112715e-03
7.935045573547121e-03	-7.937701e-01	-4.977821e+00	-9.030575e-04
7.954576823547121e-03	-5.630869e-01	-3.751402e+00	-6.799385e-04
7.974108073547120e-03	-3.239343e-01	-2.469162e+00	-4.467006e-04
7.993639323547120e-03	-7.990934e-02	-1.150280e+00	-2.068324e-04
8.013170573547120e-03	1.653175e-01	1.855367e-01	3.608117e-05
8.032701823547119e-03	4.080577e-01	1.518330e+00	2.784106e-04
8.052233073547119e-03	6.446605e-01	2.828188e+00	5.165348e-04
8.071764323547118e-03	8.715669e-01	4.095532e+00	7.468943e-04
8.091295573547118e-03	1.085364e+00	5.301403e+00	9.660427e-04
8.110826823547117e-03	1.282837e+00	6.427743e+00	1.170698e-03
8.130358073547117e-03	1.461014e+00	7.457662e+00	1.357791e-03
8.140123698547117e-03	1.542017e+00	7.927557e+00	1.443146e-03
8.149889323547117e-03	1.617216e+00	8.323086e+00	1.515132e-03
8.154235523986253e-03	1.648742e+00	8.416606e+00	1.532402e-03
8.168561636814675e-03	1.743834e+00	8.453209e+00	1.540627e-03
8.188092886814675e-03	1.850597e+00	8.464921e+00	1.544609e-03
8.207624136814674e-03	1.929526e+00	8.470921e+00	1.547088e-03
8.227155386814674e-03	1.979432e+00	8.474049e+00	1.548537e-03
8.246686636814674e-03	1.999567e+00	8.475279e+00	1.549116e-03
8.266217886814673e-03	1.989625e+00	8.474932e+00	1.548876e-03
8.285749136814673e-03	1.949758e+00	8.472922e+00	1.547806e-03
8.305280386814672e-03	1.880565e+00	8.468686e+00	1.545815e-03
8.324811636814672e-03	1.783086e+00	8.460655e+00	1.542642e-03
8.344342886814671e-03	1.658788e+00	8.442945e+00	1.537262e-03
8.354108511814671e-03	1.587151e+00	8.417228e+00	1.531392e-03
8.363874136814671e-03	1.509541e+00	8.348473e+00	1.517741e-03
8.369216341126216e-03	1.464661e+00	8.257756e+00	1.500747e-03
8.374402711521485e-03	1.419511e+00	8.110145e+00	1.473582e-03
8.385514719865258e-03	1.317765e+00	7.670318e+00	1.393221e-03
8.401229125486607e-03	1.163040e+00	6.901946e+00	1.253243e-03
8.420760375486606e-03	9.551231e-01	5.821941e+00	1.056673e-03
8.440291625486606e-03	7.328405e-01	4.647263e+00	8.429429e-04
8.459822875486606e-03	4.995354e-01	3.400922e+00	6.162198e-04
8.479354125486605e-03	2.587167e-01	2.102670e+00	3.800929e-04
8.498885375486605e-03	1.400667e-02	7.722394e-01	1.381502e-04
8.518416625486604e-03	-2.309140e-01	-5.702423e-01	-1.059482e-04
8.537947875486604e-03	-4.723615e-01	-1.904462e+00	-3.485091e-04
8.557479125486604e-03	-7.067043e-01	-3.210220e+00	-5.858610e-04
8.577010375486603e-03	-9.304176e-01	-4.467745e+00	-8.144102e-04
8.596541625486603e-03	-1.140136e+00	-5.657996e+00	-1.030696e-03
8.616072875486602e-03	-1.332707e+00	-6.762959e+00	-1.231447e-03
8.635604125486602e-03	-1.505232e+00	-7.765930e+00	-1.413627e-03
8.655135375486601e-03	-1.655117e+00	-8.651766e+00	-1.574486e-03
8.674666625486601e-03	-1.780107e+00	-9.407093e+00	-1.711595e-03
8.684432250486601e-03	-1.832664e+00	-9.730061e+00	-1.770220e-03
8.689614226981390e-03	-1.857763e+00	-9.860388e+00	-1.793951e-03
8.697730351704330e-03	-1.893106e+00	-9.928891e+00	-1.806815e-03
8.717094613068757e-03	-1.957406e+00	-9.947239e+00	-1.811213e-03
8.736625863068757e-03	-1.992943e+00	-9.953650e+00	-1.812992e-03
8.756157113068756e-03	-1.998504e+00	-9.954883e+00	-1.813311e-03
8.775688363068756e-03	-1.974005e+00	-9.951794e+00	-1.812322e-03
8.795219613068755e-03	-1.919816e+00	-9.942251e+00	-1.809652e-03
8.814750863068755e-03	-1.836750e+00	-9.909151e+00	-1.802259e-03
8.824516488068755e-03	-1.784763e+00	-9.853753e+00	-1.791452e-03
8.830006111980013e-03	-1.752576e+00	-9.784238e+00	-1.778472e-03
8.841966271342693e-03	-1.675288e+00	-9.490849e+00	-1.724698e-03
8.857551174298640e-03	-1.560459e+00	-8.943883e+00	-1.624963e-03
8.876304511069204e-03	-1.402575e+00	-8.149906e+00	-1.480362e-03
8.895835761069204e-03	-1.217499e+00	-7.198335e+00	-1.307137e-03
8.915367011069203e-03	-1.014110e+00	-6.138414e+00	-1.114237e-03
8.934898261069203e-03	-7.954690e-01	-4.986812e+00	-9.046933e-04
8.954429511069202e-03	-5.648629e-01	-3.760885e+00	-6.816635e-04
8.973960761069202e-03	-3.257608e-01	-2.478995e+00	-4.484891e-04
8.993492011069202e-03	-8.175901e-02	-1.160316e+00	-2.086575e-04
9.003257636069201e-03	4.093380e-02	-4.933246e-01	-8.736311e-05
9.013023261069201e-03	1.634725e-01	1.754476e-01	3.424663e-05
9.032554511069201e-03	4.062454e-01	1.508339e+00	2.765940e-04
9.052085761069200e-03	6.429078e-01	2.818443e+00	5.147635e-04
9.071617011069200e-03	8.699003e-01	4.086180e+00	7.451946e-04
9.091148261069200e-03	1.083809e+00	5.292583e+00	9.644401e-04
9.110679511069199e-03	1.281416e+00	6.419589e+00	1.169216e-03
9.130210761069199e-03	1.459749e+00	7.450294e+00	1.356452e-03
9.139976386069198e-03	1.540837e+00	7.921216e+00	1.441992e-03
9.149742011069198e-03	1.616126e+00	8.319933e+00	1.514550e-03
9.154064508754981e-03	1.647525e+00	8.414891e+00	1.532073e-03
9.168166200353470e-03	1.741396e+00	8.452865e+00	1.540522e-03
9.187697450353470e-03	1.848707e+00	8.464758e+00	1.544546e-03
9.207228700353469e-03	1.928212e+00	8.470833e+00	1.547049e-03
9.226759950353469e-03	1.978716e+00	8.474007e+00	1.548517e-03
9.246291200353468e-03	1.999457e+00	8.475269e+00	1.549112e-03
9.265822450353468e-03	1.990125e+00	8.474955e+00	1.548889e-03
9.285353700353468e-03	1.950859e+00	8.472981e+00	1.547837e-03
9.304884950353467e-03	1.882251e+00	8.468801e+00	1.545866e-03
9.324416200353467e-03	1.785332e+00	8.460877e+00	1.542722e-03
9.343947450353466e-03	1.661559e+00	8.443526e+00	1.537416e-03
9.353713075353466e-03	1.590170e+00	8.419093e+00	1.531779e-03
9.363478700353466e-03	1.512796e+00	8.354237e+00	1.518829e-03
9.368823062428750e-03	1.468022e+00	8.266973e+00	1.502453e-03
9.374078354467817e-03	1.422379e+00	8.120407e+00	1.475465e-03
9.385377493167330e-03	1.319062e+00	7.676449e+00	1.394339e-03
9.401176834943077e-03	1.163574e+00	6.904681e+00	1.253741e-03
9.420708084943077e-03	9.557004e-01	5.824976e+00	1.057225e-03
9.440239334943076e-03	7.334519e-01	4.650514e+00	8.435342e-04
9.459770584943076e-03	5.001716e-01	3.404337e+00	6.168410e-04
9.479301834943075e-03	2.593682e-01	2.106198e+00	3.807344e-04
9.498833084943075e-03	1.466376e-02	7.758265e-01	1.388025e-04
9.518364334943075e-03	-2.302613e-01	-5.666501e-01	-1.052951e-04
9.537895584943074e-03	-4.717230e-01	-1.900919e+00	-3.478650e-04
9.557426834943074e-03	-7.060896e-01	-3.206780e+00	-5.852358e-04
9.576958084943073e-03	-9.298359e-01	-4.464460e+00	-8.138132e-04
9.596489334943073e-03	-1.139597e+00	-5.654915e+00	-1.030137e-03
9.616020584943073e-03	-1.332217e+00	-6.760130e+00	-1.230933e-03
9.635551834943072e-03	-1.504799e+00	-7.763394e+00	-1.413166e-03
9.655083084943072e-03	-1.654748e+00	-8.649563e+00	-1.574086e-03
9.674614334943071e-03	-1.779808e+00	-9.405256e+00	-1.711262e-03
9.684379959943071e-03	-1.832401e+00	-9.728544e+00	-1.769945e-03
9.689580734914566e-03	-1.857607e+00	-9.859805e+00	-1.793844e-03
9.697690058775736e-03	-1.892943e+00	-9.928786e+00	-1.806793e-03
9.717046714460813e-03	-1.957283e+00	-9.947214e+00	-1.811206e-03
9.736577964460813e-03	-1.992892e+00	-9.953642e+00	-1.812989e-03
9.756109214460813e-03	-1.998527e+00	-9.954885e+00	-1.813312e-03
9.775640464460812e-03	-1.974102e+00	-9.951807e+00	-1.812327e-03
9.795171714460812e-03	-1.919984e+00	-9.942287e+00	-1.809661e-03
9.814702964460811e-03	-1.836988e+00	-9.909340e+00	-1.802297e-03
9.824468589460811e-03	-1.785035e+00	-9.854236e+00	-1.791543e-03
9.829971843078851e-03	-1.752784e+00	-9.784782e+00	-1.778573e-03
9.841897071197597e-03	-1.675762e+00	-9.492967e+00	-1.725085e-03
9.857462968670190e-03	-1.561152e+00	-8.947334e+00	-1.625592e-03
9.876208661945614e-03	-1.403433e+00	-8.154279e+00	-1.481159e-03
9.895739911945613e-03	-1.218454e+00	-7.203282e+00	-1.308038e-03
9.915271161945613e-03	-1.015148e+00	-6.143853e+00	-1.115227e-03
9.934802411945613e-03	-7.965739e-01	-4.992660e+00	-9.057572e-04
9.954333661945612e-03	-5.660183e-01	-3.767053e+00	-6.827856e-04
9.973864911945612e-03	-3.269492e-01	-2.485392e+00	-4.496525e-04
9.993396161945611e-03	-8.296247e-02	-1.167130e+00	-2.098962e-04
1.000000000000000e-02	-4.898587e-15	-7.167373e-01	-1.279885e-04
