time	V(vin)	V(vo)	I(Rl)
0.000000000000000e+00	0.000000e+00	-2.582980e-02	-2.326830e-06
2.060385582723606e-07	2.589164e-03	-2.567098e-02	-2.289196e-06
4.120771165447211e-07	5.178314e-03	-2.518881e-02	-2.222432e-06
6.181156748170816e-07	7.767449e-03	-2.438329e-02	-2.126538e-06
8.241542330894422e-07	1.035657e-02	-2.325443e-02	-2.001514e-06
1.030192791361803e-06	1.294568e-02	-2.180222e-02	-1.847360e-06
1.236231349634163e-06	1.553477e-02	-2.002666e-02	-1.664075e-06
1.442269907906523e-06	1.812385e-02	-1.792775e-02	-1.451660e-06
2.608288527055571e-06	3.277525e-02	-6.340445e-04	2.383176e-07
4.513596175318782e-06	5.671192e-02	4.432768e-02	4.504546e-06
7.034809401863773e-06	8.837324e-02	1.333724e-01	1.281178e-05
1.055515153107089e-05	1.325427e-01	3.078126e-01	2.892489e-05
1.533873805047158e-05	1.924540e-01	6.207183e-01	5.765400e-05
2.175092631442354e-05	2.724802e-01	1.145752e+00	1.056745e-04
3.018065988402349e-05	3.769924e-01	1.963591e+00	1.802937e-04
3.994628488402350e-05	4.967259e-01	3.028100e+00	2.772727e-04
4.971190988402350e-05	6.145899e-01	4.172113e+00	3.813978e-04
6.924315988402350e-05	8.429434e-01	6.565799e+00	5.991005e-04
7.900878488402350e-05	9.525735e-01	7.725065e+00	7.045282e-04
8.561231832467863e-05	1.024698e+00	8.287629e+00	7.558615e-04
9.121043122325700e-05	1.084465e+00	8.457210e+00	7.716779e-04
1.105601099217956e-04	1.280263e+00	8.476794e+00	7.751990e-04
1.300913599217956e-04	1.458723e+00	8.483591e+00	7.774168e-04
1.496226099217956e-04	1.615242e+00	8.487436e+00	7.791720e-04
1.691538599217956e-04	1.747466e+00	8.489662e+00	7.805626e-04
1.886851099217956e-04	1.853407e+00	8.490947e+00	7.816319e-04
2.082163599217956e-04	1.931471e+00	8.491673e+00	7.823999e-04
2.277476099217956e-04	1.980483e+00	8.492054e+00	7.828753e-04
2.472788599217956e-04	1.999708e+00	8.492199e+00	7.830614e-04
2.668101099217957e-04	1.988855e+00	8.492146e+00	7.829589e-04
2.863413599217957e-04	1.948087e+00	8.491882e+00	7.825684e-04
3.058726099217957e-04	1.878019e+00	8.491339e+00	7.818887e-04
3.254038599217957e-04	1.779703e+00	8.490358e+00	7.809156e-04
3.449351099217957e-04	1.654619e+00	8.488654e+00	7.796361e-04
3.644663599217957e-04	1.504648e+00	8.485713e+00	7.780213e-04
3.839976099217958e-04	1.332046e+00	8.480603e+00	7.760075e-04
4.035288599217958e-04	1.139409e+00	8.471328e+00	7.734380e-04
4.230601099217958e-04	9.296334e-01	8.450051e+00	7.696332e-04
4.328257349217958e-04	8.192964e-01	8.412253e+00	7.652360e-04
4.410355788535407e-04	7.241340e-01	8.302049e+00	7.544531e-04
4.468877552770131e-04	6.551089e-01	8.103087e+00	7.359080e-04
4.526987012397527e-04	5.856936e-01	7.760303e+00	7.044006e-04
4.611769815534140e-04	4.830406e-01	7.084043e+00	6.425508e-04
4.700257502895242e-04	3.744448e-01	6.228468e+00	5.644940e-04
4.797913752895243e-04	2.532672e-01	5.151424e+00	4.663721e-04
4.895570002895242e-04	1.311365e-01	3.981059e+00	3.598345e-04
4.993226252895242e-04	8.512116e-03	2.746300e+00	2.474912e-04
5.090882502895242e-04	-1.141443e-01	1.469683e+00	1.313768e-04
5.188538752895242e-04	-2.363710e-01	1.673048e-01	1.294527e-05
5.286195002895242e-04	-3.577082e-01	-1.148748e+00	-1.067102e-04
5.481507502895243e-04	-5.958918e-01	-3.785233e+00	-3.463751e-04
5.676820002895243e-04	-8.251126e-01	-6.379391e+00	-5.821461e-04
5.774476252895243e-04	-9.352779e-01	-7.645270e+00	-6.971809e-04
5.872132502895243e-04	-1.041923e+00	-8.839931e+00	-8.057678e-04
5.969788752895243e-04	-1.144647e+00	-9.742279e+00	-8.879888e-04
6.029240518620287e-04	-1.205098e+00	-9.957027e+00	-9.078822e-04
6.243623222277314e-04	-1.408536e+00	-9.978271e+00	-9.116207e-04
6.438935722277314e-04	-1.571750e+00	-9.984740e+00	-9.136724e-04
6.634248222277315e-04	-1.711324e+00	-9.988510e+00	-9.152682e-04
6.829560722277315e-04	-1.825158e+00	-9.990747e+00	-9.164944e-04
7.024873222277315e-04	-1.911539e+00	-9.992059e+00	-9.173900e-04
7.220185722277315e-04	-1.969169e+00	-9.992785e+00	-9.179740e-04
7.415498222277315e-04	-1.997182e+00	-9.993111e+00	-9.182555e-04
7.610810722277315e-04	-1.995154e+00	-9.993119e+00	-9.182381e-04
7.806123222277316e-04	-1.963118e+00	-9.992814e+00	-9.179222e-04
8.001435722277316e-04	-1.901555e+00	-9.992119e+00	-9.173056e-04
8.196748222277316e-04	-1.811390e+00	-9.990860e+00	-9.163806e-04
8.392060722277316e-04	-1.693981e+00	-9.988708e+00	-9.151300e-04
8.587373222277316e-04	-1.551092e+00	-9.985085e+00	-9.135176e-04
8.782685722277316e-04	-1.384874e+00	-9.978892e+00	-9.114636e-04
8.977998222277317e-04	-1.197825e+00	-9.967456e+00	-9.087498e-04
9.173310722277317e-04	-9.927607e-01	-9.933200e+00	-9.038181e-04
9.270966972277317e-04	-8.844268e-01	-9.857246e+00	-8.960037e-04
9.323148618592648e-04	-8.251486e-01	-9.731401e+00	-8.841344e-04
9.377218109435237e-04	-7.627909e-01	-9.469911e+00	-8.600141e-04
9.455455260623544e-04	-6.710219e-01	-8.915443e+00	-8.092338e-04
9.553111510623544e-04	-5.542263e-01	-8.038130e+00	-7.291440e-04
9.650767760623544e-04	-4.353449e-01	-7.012979e+00	-6.357181e-04
9.748424010623544e-04	-3.148248e-01	-5.882325e+00	-5.327727e-04
9.846080260623544e-04	-1.931199e-01	-4.682058e+00	-4.235451e-04
9.943736510623544e-04	-7.068806e-02	-3.435585e+00	-3.101483e-04
1.004139276062354e-03	5.200981e-02	-2.158922e+00	-1.940293e-04
1.013904901062354e-03	1.745119e-01	-8.636750e-01	-7.623774e-05
1.023670526062354e-03	2.963572e-01	4.411997e-01	4.241522e-05
1.043201776062354e-03	5.362471e-01	3.051431e+00	2.797303e-04
1.062733026062354e-03	7.680714e-01	5.622813e+00	5.134729e-04
1.072498651062354e-03	8.798631e-01	6.880735e+00	6.278054e-04
1.082264276062354e-03	9.883432e-01	8.006600e+00	7.302149e-04
1.087682649603461e-03	1.046953e+00	8.364448e+00	7.629826e-04
1.094180445459082e-03	1.115634e+00	8.465093e+00	7.726685e-04
1.115035627506914e-03	1.322960e+00	8.478717e+00	7.757558e-04
1.134566877506914e-03	1.496617e+00	8.484667e+00	7.778549e-04
1.154098127506914e-03	1.647764e+00	8.488059e+00	7.795208e-04
1.173629377506914e-03	1.774128e+00	8.490023e+00	7.808350e-04
1.193160627506914e-03	1.873806e+00	8.491153e+00	7.818340e-04
1.212691877506914e-03	1.945301e+00	8.491786e+00	7.825345e-04
1.232223127506914e-03	1.987537e+00	8.492105e+00	7.829435e-04
1.251754377506914e-03	1.999879e+00	8.492203e+00	7.830634e-04
1.271285627506914e-03	1.982140e+00	8.492105e+00	7.828949e-04
1.290816877506914e-03	1.934588e+00	8.491787e+00	7.824382e-04
1.310348127506914e-03	1.857938e+00	8.491161e+00	7.816919e-04
1.329879377506914e-03	1.753343e+00	8.490047e+00	7.806501e-04
1.349410627506914e-03	1.622376e+00	8.488114e+00	7.792973e-04
1.368941877506914e-03	1.467007e+00	8.484780e+00	7.775985e-04
1.388473127506914e-03	1.289573e+00	8.478960e+00	7.754772e-04
1.408004377506914e-03	1.092743e+00	8.468146e+00	7.727314e-04
1.427535627506914e-03	8.794762e-01	8.438563e+00	7.681468e-04
1.437301252506914e-03	7.676737e-01	8.372488e+00	7.611901e-04
1.443534653687728e-03	6.947724e-01	8.231524e+00	7.478356e-04
1.450096597551137e-03	6.168794e-01	7.925141e+00	7.195320e-04
1.456811479044927e-03	5.360867e-01	7.452597e+00	6.762319e-04
1.466577104044927e-03	4.169242e-01	6.572496e+00	5.958696e-04
1.476342729044927e-03	2.961925e-01	5.544308e+00	5.021534e-04
1.486108354044927e-03	1.743460e-01	4.403588e+00	3.982891e-04
1.495873979044927e-03	5.184330e-02	3.188396e+00	2.877097e-04
1.505639604044927e-03	-7.085452e-02	1.924353e+00	1.727276e-04
1.515405229044927e-03	-1.932857e-01	6.294589e-01	5.496856e-05
1.525170854044927e-03	-3.149893e-01	-6.830047e-01	-6.436679e-05
1.544702104044927e-03	-5.543864e-01	-3.321248e+00	-3.042011e-04
1.564233354044927e-03	-7.854450e-01	-5.926632e+00	-5.410000e-04
1.583764604044927e-03	-1.004690e+00	-8.449467e+00	-7.702557e-04
1.593530229044927e-03	-1.108843e+00	-9.553197e+00	-8.706328e-04
1.598753199844614e-03	-1.162859e+00	-9.880717e+00	-9.006273e-04
1.604901118518704e-03	-1.224832e+00	-9.964990e+00	-9.087778e-04
1.625601517268321e-03	-1.419548e+00	-9.978775e+00	-9.117652e-04
1.645132767268321e-03	-1.581332e+00	-9.985043e+00	-9.137859e-04
1.664664017268321e-03	-1.719331e+00	-9.988689e+00	-9.153564e-04
1.684195267268321e-03	-1.831470e+00	-9.990854e+00	-9.165608e-04
1.703726517268321e-03	-1.916061e+00	-9.992120e+00	-9.174361e-04
1.723257767268321e-03	-1.971833e+00	-9.992815e+00	-9.180009e-04
1.742789017268321e-03	-1.997948e+00	-9.993120e+00	-9.182633e-04
1.762320267268321e-03	-1.994011e+00	-9.993110e+00	-9.182270e-04
1.781851517268321e-03	-1.960082e+00	-9.992783e+00	-9.178921e-04
1.801382767268321e-03	-1.896672e+00	-9.992059e+00	-9.172562e-04
1.820914017268321e-03	-1.804734e+00	-9.990754e+00	-9.163112e-04
1.840445267268321e-03	-1.685651e+00	-9.988530e+00	-9.150390e-04
1.859976517268321e-03	-1.541215e+00	-9.984785e+00	-9.134017e-04
1.879507767268321e-03	-1.373597e+00	-9.978367e+00	-9.113149e-04
1.899039017268321e-03	-1.185319e+00	-9.966406e+00	-9.085427e-04
1.918570267268321e-03	-9.792125e-01	-9.926056e+00	-9.030525e-04
1.928335892268321e-03	-8.704333e-01	-9.825328e+00	-8.930018e-04
1.934115562111092e-03	-8.044835e-01	-9.655031e+00	-8.770678e-04
1.939741496423077e-03	-7.392685e-01	-9.342395e+00	-8.483138e-04
1.948957240121785e-03	-6.304830e-01	-8.631598e+00	-7.832969e-04
1.957421757986460e-03	-5.286944e-01	-7.832501e+00	-7.103898e-04
1.967187382986460e-03	-4.094206e-01	-6.775322e+00	-6.140742e-04
1.976953007986460e-03	-2.886059e-01	-5.627401e+00	-5.095706e-04
1.986718632986459e-03	-1.667049e-01	-4.415655e+00	-3.993071e-04
1.996484257986459e-03	-4.417652e-02	-3.161596e+00	-2.852259e-04
2.006249882986459e-03	7.851816e-02	-1.880112e+00	-1.686726e-04
2.016015507986459e-03	2.009173e-01	-5.821334e-01	-5.063596e-05
2.025781132986459e-03	3.225603e-01	7.237896e-01	6.810962e-05
2.045312382986458e-03	5.617508e-01	3.331975e+00	3.052341e-04
2.064843632986458e-03	7.924920e-01	5.896570e+00	5.383555e-04
2.074609257986458e-03	9.036033e-01	7.144975e+00	6.518245e-04
2.084374882986457e-03	1.011313e+00	8.190395e+00	7.469801e-04
2.089459977967847e-03	1.065918e+00	8.438628e+00	7.698371e-04
2.108298305962332e-03	1.258299e+00	8.475802e+00	7.749138e-04
2.127829555962332e-03	1.439131e+00	8.482988e+00	7.771862e-04
2.147360805962331e-03	1.598318e+00	8.487091e+00	7.789886e-04
2.166892055962331e-03	1.733465e+00	8.489463e+00	7.804186e-04
2.186423305962330e-03	1.842539e+00	8.490832e+00	7.815237e-04
2.205954555962330e-03	1.923899e+00	8.491610e+00	7.823260e-04
2.225485805962330e-03	1.976323e+00	8.492023e+00	7.828351e-04
2.245017055962329e-03	1.999020e+00	8.492192e+00	7.830546e-04
2.264548305962329e-03	1.991650e+00	8.492162e+00	7.829855e-04
2.284079555962328e-03	1.954324e+00	8.491926e+00	7.826284e-04
2.303610805962328e-03	1.887603e+00	8.491421e+00	7.819823e-04
2.323142055962327e-03	1.792491e+00	8.490502e+00	7.810435e-04
2.342673305962327e-03	1.670418e+00	8.488903e+00	7.798007e-04
2.362204555962327e-03	1.523221e+00	8.486141e+00	7.782271e-04
2.381735805962326e-03	1.353112e+00	8.481354e+00	7.762647e-04
2.401267055962326e-03	1.162652e+00	8.472740e+00	7.737745e-04
2.420798305962325e-03	9.547043e-01	8.454128e+00	7.702262e-04
2.430563930962325e-03	8.451411e-01	8.422931e+00	7.664295e-04
2.440329555962325e-03	7.323970e-01	8.311103e+00	7.553422e-04
2.446648131027518e-03	6.579533e-01	8.109486e+00	7.365097e-04
2.452792781454523e-03	5.845631e-01	7.752218e+00	7.036619e-04
2.461182062608955e-03	4.829786e-01	7.084432e+00	6.425853e-04
2.469951170130438e-03	3.753653e-01	6.236491e+00	5.652251e-04
2.479716795130438e-03	2.541969e-01	5.160014e+00	4.671542e-04
2.489482420130438e-03	1.320716e-01	3.990260e+00	3.606718e-04
2.499248045130438e-03	9.449309e-03	2.755902e+00	2.483648e-04
2.509013670130437e-03	-1.132086e-01	1.479542e+00	1.322733e-04
2.518779295130437e-03	-2.354404e-01	1.773126e-01	1.385525e-05
2.528544920130437e-03	-3.567860e-01	-1.138674e+00	-1.057942e-04
2.548076170130436e-03	-5.949970e-01	-3.775214e+00	-3.454644e-04
2.567607420130436e-03	-8.242588e-01	-6.369629e+00	-5.812590e-04
2.577373045130436e-03	-9.344494e-01	-7.635703e+00	-6.963115e-04
2.587138670130436e-03	-1.041123e+00	-8.832562e+00	-8.050968e-04
2.596904295130435e-03	-1.143878e+00	-9.741003e+00	-8.878669e-04
2.602795952581470e-03	-1.203812e+00	-9.956594e+00	-9.078317e-04
2.624096503399722e-03	-1.406163e+00	-9.978155e+00	-9.115889e-04
2.643627753399721e-03	-1.569682e+00	-9.984674e+00	-9.136479e-04
2.663159003399721e-03	-1.709593e+00	-9.988470e+00	-9.152491e-04
2.682690253399721e-03	-1.823789e+00	-9.990725e+00	-9.164800e-04
2.702221503399720e-03	-1.910554e+00	-9.992045e+00	-9.173799e-04
2.721752753399720e-03	-1.968583e+00	-9.992777e+00	-9.179681e-04
2.741284003399719e-03	-1.997002e+00	-9.993109e+00	-9.182537e-04
2.760815253399719e-03	-1.995384e+00	-9.993121e+00	-9.182403e-04
2.780346503399719e-03	-1.963754e+00	-9.992821e+00	-9.179285e-04
2.799877753399718e-03	-1.902587e+00	-9.992132e+00	-9.173160e-04
2.819409003399718e-03	-1.812804e+00	-9.990881e+00	-9.163953e-04
2.838940253399717e-03	-1.695754e+00	-9.988746e+00	-9.151494e-04
2.858471503399717e-03	-1.553199e+00	-9.985149e+00	-9.135422e-04
2.878002753399716e-03	-1.387282e+00	-9.979002e+00	-9.114952e-04
2.897534003399716e-03	-1.200499e+00	-9.967673e+00	-9.087935e-04
2.917065253399716e-03	-9.956591e-01	-9.934456e+00	-9.039573e-04
2.926830878399715e-03	-8.874215e-01	-9.862140e+00	-8.964716e-04
2.932057527090609e-03	-8.280932e-01	-9.739748e+00	-8.849127e-04
2.937610146291489e-03	-7.640879e-01	-9.476654e+00	-8.606333e-04
2.945086370321735e-03	-6.764545e-01	-8.953411e+00	-8.127033e-04
2.954851995321734e-03	-5.597680e-01	-8.083820e+00	-7.333103e-04
2.964328486257430e-03	-4.445179e-01	-7.096560e+00	-6.433307e-04
2.974094111257430e-03	-3.241074e-01	-5.971642e+00	-5.409028e-04
2.983859736257430e-03	-2.024771e-01	-4.775816e+00	-4.320760e-04
2.993625361257430e-03	-8.008466e-02	-3.532280e+00	-3.189441e-04
3.003390986257429e-03	4.260917e-02	-2.257498e+00	-2.029945e-04
3.013156611257429e-03	1.651426e-01	-9.633445e-01	-8.530129e-05
3.022922236257429e-03	2.870545e-01	3.410604e-01	3.330993e-05
3.042453486257429e-03	5.271823e-01	2.951865e+00	2.706788e-04
3.061984736257428e-03	7.593808e-01	5.525531e+00	5.046306e-04
3.071750361257428e-03	8.714090e-01	6.785174e+00	6.191202e-04
3.081515986257428e-03	9.801574e-01	7.933172e+00	7.235258e-04
3.087162195344472e-03	1.041375e+00	8.333574e+00	7.601506e-04
3.094299344936702e-03	1.116874e+00	8.464609e+00	7.726358e-04
3.115074111435104e-03	1.323322e+00	8.478764e+00	7.757633e-04
3.134605361435104e-03	1.496938e+00	8.484675e+00	7.778585e-04
3.154136611435104e-03	1.648038e+00	8.488064e+00	7.795237e-04
3.173667861435103e-03	1.774351e+00	8.490026e+00	7.808373e-04
3.193199111435103e-03	1.873975e+00	8.491155e+00	7.818356e-04
3.212730361435102e-03	1.945414e+00	8.491787e+00	7.825356e-04
3.232261611435102e-03	1.987591e+00	8.492106e+00	7.829440e-04
3.251792861435102e-03	1.999873e+00	8.492204e+00	7.830633e-04
3.271324111435101e-03	1.982075e+00	8.492105e+00	7.828943e-04
3.290855361435101e-03	1.934465e+00	8.491787e+00	7.824370e-04
3.310386611435100e-03	1.857759e+00	8.491159e+00	7.816902e-04
3.329917861435100e-03	1.753110e+00	8.490044e+00	7.806477e-04
3.349449111435099e-03	1.622093e+00	8.488110e+00	7.792943e-04
3.368980361435099e-03	1.466679e+00	8.484772e+00	7.775948e-04
3.388511611435099e-03	1.289203e+00	8.478945e+00	7.754725e-04
3.408042861435098e-03	1.092338e+00	8.468116e+00	7.727251e-04
3.427574111435098e-03	8.790419e-01	8.438427e+00	7.681307e-04
3.437339736435098e-03	7.672271e-01	8.373473e+00	7.612749e-04
3.443386617315566e-03	6.965165e-01	8.239402e+00	7.485612e-04
3.449749434379263e-03	6.210278e-01	7.946819e+00	7.215223e-04
3.456470061388869e-03	5.402188e-01	7.479270e+00	6.786720e-04
3.466235686388869e-03	4.211194e-01	6.606078e+00	5.989327e-04
3.476001311388869e-03	3.004349e-01	5.582617e+00	5.056427e-04
3.485766936388868e-03	1.786196e-01	4.445026e+00	4.020607e-04
3.495532561388868e-03	5.613212e-02	3.231905e+00	2.916680e-04
3.505298186388868e-03	-6.656668e-02	1.969203e+00	1.768067e-04
3.515063811388868e-03	-1.890149e-01	6.751242e-01	5.912099e-05
3.524829436388867e-03	-3.107518e-01	-6.369240e-01	-6.017724e-05
3.544360686388867e-03	-5.502629e-01	-3.275246e+00	-3.000196e-04
3.563891936388867e-03	-7.814975e-01	-5.881661e+00	-5.369131e-04
3.583423186388866e-03	-1.000978e+00	-8.406326e+00	-7.663358e-04
3.593188811388866e-03	-1.105270e+00	-9.521132e+00	-8.677118e-04
3.598495644628882e-03	-1.160224e+00	-9.867289e+00	-8.993936e-04
3.604890183898364e-03	-1.224723e+00	-9.964751e+00	-9.087553e-04
3.625427248785439e-03	-1.418005e+00	-9.978703e+00	-9.117448e-04
3.644958498785439e-03	-1.579990e+00	-9.985001e+00	-9.137701e-04
3.664489748785439e-03	-1.718211e+00	-9.988665e+00	-9.153442e-04
3.684020998785438e-03	-1.830589e+00	-9.990839e+00	-9.165515e-04
3.703552248785438e-03	-1.915432e+00	-9.992111e+00	-9.174297e-04
3.723083498785437e-03	-1.971466e+00	-9.992811e+00	-9.179972e-04
3.742614748785437e-03	-1.997847e+00	-9.993118e+00	-9.182623e-04
3.762145998785436e-03	-1.994179e+00	-9.993111e+00	-9.182286e-04
3.781677248785436e-03	-1.960516e+00	-9.992787e+00	-9.178964e-04
3.801208498785436e-03	-1.897365e+00	-9.992067e+00	-9.172632e-04
3.820739748785435e-03	-1.805677e+00	-9.990769e+00	-9.163209e-04
3.840270998785435e-03	-1.686829e+00	-9.988556e+00	-9.150519e-04
3.859802248785434e-03	-1.542609e+00	-9.984828e+00	-9.134181e-04
3.879333498785434e-03	-1.375188e+00	-9.978442e+00	-9.113359e-04
3.898864748785434e-03	-1.187082e+00	-9.966557e+00	-9.085721e-04
3.918395998785434e-03	-9.811214e-01	-9.927220e+00	-9.031746e-04
3.928161623785433e-03	-8.724044e-01	-9.830390e+00	-8.934757e-04
3.933851195635412e-03	-8.075240e-01	-9.667220e+00	-8.781932e-04
3.939432598525989e-03	-7.428739e-01	-9.362763e+00	-8.501813e-04
3.948446083667073e-03	-6.365756e-01	-8.675388e+00	-7.872968e-04
3.957157874053086e-03	-5.318918e-01	-7.858302e+00	-7.127429e-04
3.966923499053086e-03	-4.126659e-01	-6.805283e+00	-6.168026e-04
3.976689124053086e-03	-2.918869e-01	-5.659437e+00	-5.124863e-04
3.986454749053086e-03	-1.700092e-01	-4.449072e+00	-4.023473e-04
3.996220374053085e-03	-4.749171e-02	-3.195923e+00	-2.883483e-04
4.005985999053085e-03	7.520455e-02	-1.915014e+00	-1.718467e-04
4.015751624053085e-03	1.976178e-01	-6.173551e-01	-5.383878e-05
4.025517249053085e-03	3.192872e-01	6.884550e-01	6.489686e-05
4.045048499053084e-03	5.585675e-01	3.296926e+00	3.020479e-04
4.064579749053084e-03	7.894464e-01	5.862396e+00	5.352494e-04
4.074345374053084e-03	9.006437e-01	7.114048e+00	6.490117e-04
4.084110999053083e-03	1.008451e+00	8.173817e+00	7.454609e-04
4.089171148065587e-03	1.062845e+00	8.432050e+00	7.692169e-04
4.101001848765459e-03	1.185732e+00	8.471942e+00	7.739157e-04
4.117681760401593e-03	1.347713e+00	8.479738e+00	7.760706e-04
4.137213010401593e-03	1.518467e+00	8.485242e+00	7.781033e-04
4.156744260401592e-03	1.666382e+00	8.488392e+00	7.797183e-04
4.176275510401592e-03	1.789232e+00	8.490215e+00	7.809883e-04
4.195806760401591e-03	1.885172e+00	8.491262e+00	7.819461e-04
4.215338010401591e-03	1.952756e+00	8.491845e+00	7.826069e-04
4.234869260401591e-03	1.990969e+00	8.492131e+00	7.829766e-04
4.254400510401590e-03	1.999236e+00	8.492201e+00	7.830574e-04
4.273931760401590e-03	1.977432e+00	8.492077e+00	7.828499e-04
4.293463010401589e-03	1.925886e+00	8.491723e+00	7.823542e-04
4.312994260401589e-03	1.845373e+00	8.491044e+00	7.815683e-04
4.332525510401588e-03	1.737104e+00	8.489842e+00	7.804856e-04
4.352056760401588e-03	1.602707e+00	8.487762e+00	7.790885e-04
4.371588010401588e-03	1.444204e+00	8.484171e+00	7.773384e-04
4.391119260401587e-03	1.263979e+00	8.477877e+00	7.751492e-04
4.410650510401587e-03	1.064743e+00	8.465973e+00	7.722835e-04
4.430181760401586e-03	8.494914e-01	8.425680e+00	7.667163e-04
4.439947385401586e-03	7.368638e-01	8.321345e+00	7.563052e-04
4.446226161436820e-03	6.629584e-01	8.129290e+00	7.383390e-04
4.452369687527446e-03	5.896456e-01	7.776835e+00	7.059252e-04
4.461732474272675e-03	4.762638e-01	7.032670e+00	6.378613e-04
4.470303939632873e-03	3.710102e-01	6.201599e+00	5.620425e-04
4.480069564632872e-03	2.497992e-01	5.119762e+00	4.634884e-04
4.489835189632872e-03	1.276480e-01	3.946977e+00	3.567326e-04
4.499600814632872e-03	5.016306e-03	2.710631e+00	2.442464e-04
4.509366439632872e-03	-1.176342e-01	1.433006e+00	1.280411e-04
4.519132064632871e-03	-2.398420e-01	1.300368e-01	9.556552e-06
4.528897689632871e-03	-3.611471e-01	-1.186287e+00	-1.101230e-04
4.548428939632871e-03	-5.992279e-01	-3.822584e+00	-3.497701e-04
4.567960189632870e-03	-8.282958e-01	-6.415784e+00	-5.854535e-04
4.577725814632870e-03	-9.383665e-01	-7.680939e+00	-7.004220e-04
4.587491439632870e-03	-1.044905e+00	-8.867304e+00	-8.082606e-04
4.597257064632870e-03	-1.147511e+00	-9.745872e+00	-8.883381e-04
4.603463238471791e-03	-1.210498e+00	-9.958587e+00	-9.080709e-04
4.625199706535442e-03	-1.415987e+00	-9.978645e+00	-9.117213e-04
4.644730956535442e-03	-1.578236e+00	-9.984945e+00	-9.137493e-04
4.664262206535441e-03	-1.716746e+00	-9.988631e+00	-9.153280e-04
4.683793456535441e-03	-1.829435e+00	-9.990820e+00	-9.165394e-04
4.703324706535440e-03	-1.914608e+00	-9.992100e+00	-9.174213e-04
4.722855956535440e-03	-1.970983e+00	-9.992805e+00	-9.179923e-04
4.742387206535440e-03	-1.997712e+00	-9.993116e+00	-9.182610e-04
4.761918456535439e-03	-1.994395e+00	-9.993113e+00	-9.182307e-04
4.781449706535439e-03	-1.961079e+00	-9.992793e+00	-9.179020e-04
4.800980956535438e-03	-1.898268e+00	-9.992079e+00	-9.172723e-04
4.820512206535438e-03	-1.806904e+00	-9.990788e+00	-9.163338e-04
4.840043456535438e-03	-1.688363e+00	-9.988588e+00	-9.150687e-04
4.859574706535437e-03	-1.544428e+00	-9.984884e+00	-9.134394e-04
4.879105956535437e-03	-1.377262e+00	-9.978540e+00	-9.113634e-04
4.898637206535436e-03	-1.189382e+00	-9.966752e+00	-9.086105e-04
4.918168456535436e-03	-9.836121e-01	-9.928656e+00	-9.033263e-04
4.927934081535436e-03	-8.749765e-01	-9.840768e+00	-8.944342e-04
4.933050921249643e-03	-8.167141e-01	-9.704097e+00	-8.815986e-04
4.938502555267784e-03	-7.537123e-01	-9.419618e+00	-8.554010e-04
4.947680265607681e-03	-6.456913e-01	-8.735154e+00	-7.927626e-04
4.957445890607681e-03	-5.284019e-01	-7.826074e+00	-7.098074e-04
4.967211515607681e-03	-4.091238e-01	-6.773683e+00	-6.139239e-04
4.976977140607680e-03	-2.883058e-01	-5.625149e+00	-5.093649e-04
4.986742765607680e-03	-1.664027e-01	-4.413017e+00	-3.990667e-04
4.996508390607680e-03	-4.387334e-02	-3.158715e+00	-2.849637e-04
5.006274015607680e-03	7.882119e-02	-1.877080e+00	-1.683968e-04
5.016039640607680e-03	2.012191e-01	-5.790125e-01	-5.035208e-05
5.025805265607679e-03	3.228596e-01	7.269584e-01	6.839778e-05
5.045336515607679e-03	5.620418e-01	3.335155e+00	3.055232e-04
5.064867765607679e-03	7.927704e-01	5.899685e+00	5.386386e-04
5.074633390607678e-03	9.038738e-01	7.147720e+00	6.520742e-04
5.084399015607678e-03	1.011575e+00	8.192397e+00	7.471628e-04
5.089463262479304e-03	1.065953e+00	8.439087e+00	7.698787e-04
5.108418520291287e-03	1.259472e+00	8.475851e+00	7.749285e-04
5.127949770291287e-03	1.440180e+00	8.483022e+00	7.771986e-04
5.147481020291287e-03	1.599226e+00	8.487110e+00	7.789984e-04
5.167012270291286e-03	1.734218e+00	8.489473e+00	7.804263e-04
5.186543520291286e-03	1.843126e+00	8.490838e+00	7.815295e-04
5.206074770291285e-03	1.924312e+00	8.491613e+00	7.823301e-04
5.225606020291285e-03	1.976554e+00	8.492025e+00	7.828374e-04
5.245137270291285e-03	1.999067e+00	8.492192e+00	7.830550e-04
5.264668520291284e-03	1.991512e+00	8.492161e+00	7.829842e-04
5.284199770291284e-03	1.954002e+00	8.491923e+00	7.826253e-04
5.303731020291283e-03	1.887103e+00	8.491416e+00	7.819774e-04
5.323262270291283e-03	1.791820e+00	8.490495e+00	7.810369e-04
5.342793520291282e-03	1.669587e+00	8.488890e+00	7.797921e-04
5.362324770291282e-03	1.522241e+00	8.486119e+00	7.782162e-04
5.381856020291282e-03	1.351999e+00	8.481315e+00	7.762512e-04
5.401387270291281e-03	1.161422e+00	8.472668e+00	7.737570e-04
5.420918520291281e-03	9.533766e-01	8.453938e+00	7.701971e-04
5.430684145291281e-03	8.437718e-01	8.422003e+00	7.663335e-04
5.440449770291280e-03	7.309911e-01	8.308582e+00	7.551026e-04
5.446680476089776e-03	6.575694e-01	8.108878e+00	7.364516e-04
5.452717356102491e-03	5.854695e-01	7.757550e+00	7.041505e-04
5.461156253006245e-03	4.832934e-01	7.086137e+00	6.427417e-04
5.469969328432175e-03	3.751412e-01	6.234384e+00	5.650332e-04
5.479734953432175e-03	2.539705e-01	5.157892e+00	4.669611e-04
5.489500578432175e-03	1.318439e-01	3.988000e+00	3.604662e-04
5.499266203432175e-03	9.221127e-03	2.753552e+00	2.481510e-04
5.509031828432175e-03	-1.134364e-01	1.477134e+00	1.320544e-04
5.518797453432174e-03	-2.356670e-01	1.748711e-01	1.363325e-05
5.528563078432174e-03	-3.570105e-01	-1.141130e+00	-1.060175e-04
5.548094328432174e-03	-5.952149e-01	-3.777655e+00	-3.456863e-04
5.567625578432173e-03	-8.244667e-01	-6.372007e+00	-5.814751e-04
5.577391203432173e-03	-9.346511e-01	-7.638033e+00	-6.965232e-04
5.587156828432173e-03	-1.041318e+00	-8.834358e+00	-8.052603e-04
5.596922453432173e-03	-1.144065e+00	-9.741354e+00	-8.879004e-04
5.602825169802184e-03	-1.204106e+00	-9.956698e+00	-9.078436e-04
5.624153872983797e-03	-1.406675e+00	-9.978180e+00	-9.115958e-04
5.643685122983797e-03	-1.570129e+00	-9.984689e+00	-9.136532e-04
5.663216372983796e-03	-1.709967e+00	-9.988480e+00	-9.152532e-04
5.682747622983796e-03	-1.824085e+00	-9.990730e+00	-9.164831e-04
5.702278872983795e-03	-1.910767e+00	-9.992048e+00	-9.173821e-04
5.721810122983795e-03	-1.968710e+00	-9.992779e+00	-9.179694e-04
5.741341372983795e-03	-1.997041e+00	-9.993109e+00	-9.182541e-04
5.760872622983794e-03	-1.995335e+00	-9.993120e+00	-9.182399e-04
5.780403872983794e-03	-1.963617e+00	-9.992819e+00	-9.179272e-04
5.799935122983793e-03	-1.902365e+00	-9.992129e+00	-9.173138e-04
5.819466372983793e-03	-1.812499e+00	-9.990877e+00	-9.163921e-04
5.838997622983792e-03	-1.695372e+00	-9.988738e+00	-9.151452e-04
5.858528872983792e-03	-1.552744e+00	-9.985135e+00	-9.135369e-04
5.878060122983792e-03	-1.386762e+00	-9.978978e+00	-9.114884e-04
5.897591372983791e-03	-1.199922e+00	-9.967627e+00	-9.087841e-04
5.917122622983791e-03	-9.950338e-01	-9.934182e+00	-9.039270e-04
5.926888247983791e-03	-8.867754e-01	-9.861023e+00	-8.963651e-04
5.932118965815066e-03	-8.273904e-01	-9.737699e+00	-8.847219e-04
5.937637557641598e-03	-7.637696e-01	-9.475004e+00	-8.604818e-04
5.945184344275103e-03	-6.752958e-01	-8.945338e+00	-8.119656e-04
5.954949969275103e-03	-5.585859e-01	-8.074042e+00	-7.324187e-04
5.964497231498020e-03	-4.424501e-01	-7.077732e+00	-6.416158e-04
5.974262856498020e-03	-3.220147e-01	-5.951530e+00	-5.390720e-04
5.984028481498020e-03	-2.003673e-01	-4.754693e+00	-4.301539e-04
5.993794106498020e-03	-7.796580e-02	-3.510488e+00	-3.169618e-04
6.003559731498020e-03	4.472918e-02	-2.235276e+00	-2.009735e-04
6.013325356498019e-03	1.672558e-01	-9.408723e-01	-8.325774e-05
6.023090981498019e-03	2.891529e-01	3.636420e-01	3.536320e-05
6.042622231498019e-03	5.292275e-01	2.974323e+00	2.727205e-04
6.062153481498018e-03	7.613420e-01	5.547480e+00	5.066256e-04
6.071919106498018e-03	8.733171e-01	6.806737e+00	6.210800e-04
6.081684731498018e-03	9.820053e-01	7.949921e+00	7.250514e-04
6.087276335962463e-03	1.042600e+00	8.340693e+00	7.608030e-04
6.094257666496985e-03	1.116439e+00	8.464802e+00	7.726494e-04
6.114982491526742e-03	1.322459e+00	8.478699e+00	7.757497e-04
6.134513741526741e-03	1.496174e+00	8.484655e+00	7.778498e-04
6.154044991526741e-03	1.647386e+00	8.488051e+00	7.795168e-04
6.173576241526741e-03	1.773819e+00	8.490019e+00	7.808319e-04
6.193107491526740e-03	1.873573e+00	8.491151e+00	7.818317e-04
6.212638741526740e-03	1.945146e+00	8.491785e+00	7.825330e-04
6.232169991526739e-03	1.987463e+00	8.492105e+00	7.829427e-04
6.251701241526739e-03	1.999886e+00	8.492203e+00	7.830634e-04
6.271232491526738e-03	1.982229e+00	8.492106e+00	7.828958e-04
6.290763741526738e-03	1.934757e+00	8.491789e+00	7.824399e-04
6.310294991526738e-03	1.858185e+00	8.491163e+00	7.816943e-04
6.329826241526737e-03	1.753664e+00	8.490050e+00	7.806534e-04
6.349357491526737e-03	1.622767e+00	8.488121e+00	7.793014e-04
6.368888741526736e-03	1.467461e+00	8.484792e+00	7.776037e-04
6.388419991526736e-03	1.290083e+00	8.478981e+00	7.754837e-04
6.407951241526736e-03	1.093302e+00	8.468187e+00	7.727402e-04
6.427482491526735e-03	8.800759e-01	8.438749e+00	7.681691e-04
6.437248116526735e-03	7.682902e-01	8.374340e+00	7.613626e-04
6.443357766790528e-03	6.968563e-01	8.239307e+00	7.485556e-04
6.449807460954432e-03	6.203346e-01	7.943151e+00	7.211856e-04
6.456467812687296e-03	5.402461e-01	7.479763e+00	6.787167e-04
6.466233437687296e-03	4.211470e-01	6.606231e+00	5.989467e-04
6.475999062687296e-03	3.004628e-01	5.582827e+00	5.056619e-04
6.485764687687296e-03	1.786478e-01	4.445272e+00	4.020831e-04
6.495530312687296e-03	5.616036e-02	3.232174e+00	2.916926e-04
6.505295937687295e-03	-6.653844e-02	1.969487e+00	1.768326e-04
6.515061562687295e-03	-1.889868e-01	6.754183e-01	5.914774e-05
6.524827187687295e-03	-3.107239e-01	-6.366247e-01	-6.015003e-05
6.544358437687295e-03	-5.502357e-01	-3.274945e+00	-2.999922e-04
6.563889687687294e-03	-7.814715e-01	-5.881366e+00	-5.368862e-04
6.583420937687294e-03	-1.000953e+00	-8.406043e+00	-7.663100e-04
6.593186562687293e-03	-1.105246e+00	-9.520882e+00	-8.676890e-04
6.598495225405831e-03	-1.160220e+00	-9.867205e+00	-8.993860e-04
6.604892949755544e-03	-1.224751e+00	-9.964755e+00	-9.087558e-04
6.625427163305937e-03	-1.418004e+00	-9.978703e+00	-9.117448e-04
6.644958413305937e-03	-1.579990e+00	-9.985001e+00	-9.137701e-04
6.664489663305936e-03	-1.718211e+00	-9.988665e+00	-9.153441e-04
6.684020913305936e-03	-1.830588e+00	-9.990839e+00	-9.165515e-04
6.703552163305935e-03	-1.915432e+00	-9.992111e+00	-9.174297e-04
6.723083413305935e-03	-1.971466e+00	-9.992811e+00	-9.179972e-04
6.742614663305935e-03	-1.997847e+00	-9.993118e+00	-9.182623e-04
6.762145913305934e-03	-1.994179e+00	-9.993111e+00	-9.182286e-04
6.781677163305934e-03	-1.960516e+00	-9.992787e+00	-9.178964e-04
6.801208413305933e-03	-1.897366e+00	-9.992067e+00	-9.172632e-04
6.820739663305933e-03	-1.805677e+00	-9.990769e+00	-9.163210e-04
6.840270913305932e-03	-1.686829e+00	-9.988556e+00	-9.150519e-04
6.859802163305932e-03	-1.542610e+00	-9.984828e+00	-9.134181e-04
6.879333413305932e-03	-1.375188e+00	-9.978442e+00	-9.113359e-04
6.898864663305931e-03	-1.187083e+00	-9.966557e+00	-9.085721e-04
6.918395913305931e-03	-9.811223e-01	-9.927220e+00	-9.031746e-04
6.928161538305931e-03	-8.724054e-01	-9.830364e+00	-8.934733e-04
6.933854263657129e-03	-8.074887e-01	-9.667068e+00	-8.781793e-04
6.939436207908441e-03	-7.428318e-01	-9.362543e+00	-8.501611e-04
6.948447264467930e-03	-6.365615e-01	-8.675317e+00	-7.872903e-04
6.957154220278662e-03	-5.319360e-01	-7.858685e+00	-7.127777e-04
6.966919845278662e-03	-4.127108e-01	-6.805691e+00	-6.168398e-04
6.976685470278661e-03	-2.919323e-01	-5.659877e+00	-5.125263e-04
6.986451095278661e-03	-1.700550e-01	-4.449532e+00	-4.023892e-04
6.996216720278661e-03	-4.753762e-02	-3.196397e+00	-2.883914e-04
7.005982345278661e-03	7.515866e-02	-1.915496e+00	-1.718906e-04
7.015747970278660e-03	1.975721e-01	-6.178422e-01	-5.388307e-05
7.025513595278660e-03	3.192419e-01	6.879661e-01	6.485241e-05
7.045044845278660e-03	5.585234e-01	3.296441e+00	3.020038e-04
7.064576095278659e-03	7.894042e-01	5.861923e+00	5.352063e-04
7.074341720278659e-03	9.006027e-01	7.113610e+00	6.489718e-04
7.084107345278659e-03	1.008412e+00	8.173553e+00	7.454367e-04
7.089167617989559e-03	1.062807e+00	8.431949e+00	7.692073e-04
7.101005711950423e-03	1.185771e+00	8.471946e+00	7.739165e-04
7.117678520001914e-03	1.347683e+00	8.479736e+00	7.760702e-04
7.137209770001913e-03	1.518441e+00	8.485241e+00	7.781030e-04
7.156741020001913e-03	1.666359e+00	8.488392e+00	7.797181e-04
7.176272270001912e-03	1.789214e+00	8.490215e+00	7.809881e-04
7.195803520001912e-03	1.885158e+00	8.491262e+00	7.819460e-04
7.215334770001912e-03	1.952747e+00	8.491845e+00	7.826068e-04
7.234866020001911e-03	1.990965e+00	8.492131e+00	7.829766e-04
7.254397270001911e-03	1.999237e+00	8.492202e+00	7.830574e-04
7.273928520001910e-03	1.977438e+00	8.492077e+00	7.828500e-04
7.293459770001910e-03	1.925897e+00	8.491724e+00	7.823543e-04
7.312991020001909e-03	1.845389e+00	8.491044e+00	7.815685e-04
7.332522270001909e-03	1.737124e+00	8.489842e+00	7.804858e-04
7.352053520001909e-03	1.602732e+00	8.487762e+00	7.790888e-04
7.371584770001908e-03	1.444233e+00	8.484172e+00	7.773387e-04
7.391116020001908e-03	1.264011e+00	8.477879e+00	7.751497e-04
7.410647270001907e-03	1.064777e+00	8.465975e+00	7.722841e-04
7.430178520001907e-03	8.495282e-01	8.425702e+00	7.667186e-04
7.439944145001907e-03	7.369016e-01	8.321426e+00	7.563129e-04
7.446222848762480e-03	6.629977e-01	8.129437e+00	7.383527e-04
7.452366676263205e-03	5.896818e-01	7.777048e+00	7.059447e-04
7.461724840338001e-03	4.763570e-01	7.033360e+00	6.379244e-04
7.470298326244846e-03	3.710795e-01	6.202174e+00	5.620949e-04
7.480063951244846e-03	2.498692e-01	5.120411e+00	4.635475e-04
7.489829576244846e-03	1.277183e-01	3.947671e+00	3.567958e-04
7.499595201244846e-03	5.086846e-03	2.711355e+00	2.443123e-04
7.509360826244846e-03	-1.175638e-01	1.433748e+00	1.281086e-04
7.519126451244845e-03	-2.397720e-01	1.307905e-01	9.625081e-06
7.528892076244845e-03	-3.610777e-01	-1.185529e+00	-1.100540e-04
7.548423326244845e-03	-5.991606e-01	-3.821830e+00	-3.497015e-04
7.567954576244844e-03	-8.282316e-01	-6.415050e+00	-5.853867e-04
7.577720201244844e-03	-9.383042e-01	-7.680220e+00	-7.003567e-04
7.587485826244844e-03	-1.044845e+00	-8.866753e+00	-8.082105e-04
7.597251451244844e-03	-1.147454e+00	-9.745787e+00	-8.883299e-04
7.603452917771062e-03	-1.210395e+00	-9.958558e+00	-9.080675e-04
7.625183591795414e-03	-1.415844e+00	-9.978638e+00	-9.117194e-04
7.644714841795413e-03	-1.578111e+00	-9.984941e+00	-9.137478e-04
7.664246091795413e-03	-1.716642e+00	-9.988629e+00	-9.153269e-04
7.683777341795412e-03	-1.829353e+00	-9.990818e+00	-9.165385e-04
7.703308591795412e-03	-1.914549e+00	-9.992099e+00	-9.174207e-04
7.722839841795412e-03	-1.970948e+00	-9.992805e+00	-9.179920e-04
7.742371091795411e-03	-1.997703e+00	-9.993116e+00	-9.182608e-04
7.761902341795411e-03	-1.994410e+00	-9.993113e+00	-9.182309e-04
7.781433591795410e-03	-1.961119e+00	-9.992794e+00	-9.179024e-04
7.800964841795410e-03	-1.898331e+00	-9.992080e+00	-9.172730e-04
7.820496091795410e-03	-1.806991e+00	-9.990790e+00	-9.163347e-04
7.840027341795409e-03	-1.688472e+00	-9.988591e+00	-9.150699e-04
7.859558591795409e-03	-1.544556e+00	-9.984888e+00	-9.134409e-04
7.879089841795408e-03	-1.377409e+00	-9.978547e+00	-9.113653e-04
7.898621091795408e-03	-1.189545e+00	-9.966766e+00	-9.086131e-04
7.918152341795407e-03	-9.837884e-01	-9.928754e+00	-9.033367e-04
7.927917966795407e-03	-8.751585e-01	-9.841124e+00	-8.944679e-04
7.933035866989836e-03	-8.168868e-01	-9.704698e+00	-8.816542e-04
7.938485503185469e-03	-7.539108e-01	-9.420753e+00	-8.555051e-04
7.947632066890082e-03	-6.462645e-01	-8.739333e+00	-7.931443e-04
7.957397691890081e-03	-5.289860e-01	-7.830937e+00	-7.102508e-04
7.967163316890081e-03	-4.097167e-01	-6.779136e+00	-6.144205e-04
7.976928941890081e-03	-2.889052e-01	-5.630989e+00	-5.098964e-04
7.986694566890081e-03	-1.670063e-01	-4.419113e+00	-3.996213e-04
7.996460191890081e-03	-4.447887e-02	-3.164981e+00	-2.855336e-04
8.006225816890080e-03	7.821597e-02	-1.883452e+00	-1.689763e-04
8.015991441890080e-03	2.006164e-01	-5.854439e-01	-5.093691e-05
8.025757066890080e-03	3.222618e-01	7.205058e-01	6.781110e-05
8.045288316890080e-03	5.614606e-01	3.328755e+00	3.049414e-04
8.064819566890079e-03	7.922144e-01	5.893444e+00	5.380714e-04
8.074585191890079e-03	9.033334e-01	7.142212e+00	6.515731e-04
8.084350816890079e-03	1.011053e+00	8.189749e+00	7.469195e-04
8.089407188915368e-03	1.065356e+00	8.438047e+00	7.697798e-04
8.108315688117016e-03	1.258469e+00	8.475810e+00	7.749159e-04
8.127846938117016e-03	1.439283e+00	8.482993e+00	7.771879e-04
8.147378188117015e-03	1.598450e+00	8.487094e+00	7.789900e-04
8.166909438117015e-03	1.733574e+00	8.489464e+00	7.804197e-04
8.186440688117014e-03	1.842624e+00	8.490833e+00	7.815245e-04
8.205971938117014e-03	1.923959e+00	8.491611e+00	7.823266e-04
8.225503188117014e-03	1.976356e+00	8.492024e+00	7.828355e-04
8.245034438117013e-03	1.999027e+00	8.492192e+00	7.830547e-04
8.264565688117013e-03	1.991630e+00	8.492162e+00	7.829854e-04
8.284096938117012e-03	1.954278e+00	8.491926e+00	7.826279e-04
8.303628188117012e-03	1.887531e+00	8.491420e+00	7.819816e-04
8.323159438117012e-03	1.792394e+00	8.490501e+00	7.810426e-04
8.342690688117011e-03	1.670298e+00	8.488901e+00	7.797995e-04
8.362221938117011e-03	1.523079e+00	8.486137e+00	7.782255e-04
8.381753188117010e-03	1.352951e+00	8.481348e+00	7.762627e-04
8.401284438117010e-03	1.162474e+00	8.472730e+00	7.737720e-04
8.420815688117009e-03	9.545124e-01	8.454102e+00	7.702219e-04
8.430581313117009e-03	8.449432e-01	8.422799e+00	7.664158e-04
8.440346938117009e-03	7.321938e-01	8.311455e+00	7.553722e-04
8.446572210646489e-03	6.588541e-01	8.114075e+00	7.369313e-04
8.452613671955482e-03	5.867152e-01	7.764535e+00	7.047909e-04
8.461059982961577e-03	4.844672e-01	7.094646e+00	6.435188e-04
8.469879838259899e-03	3.762458e-01	6.243721e+00	5.658843e-04
8.479645463259898e-03	2.550859e-01	5.168295e+00	4.679082e-04
8.489411088259898e-03	1.329660e-01	3.999100e+00	3.614763e-04
8.499176713259898e-03	1.034568e-02	2.765112e+00	2.492025e-04
8.508942338259898e-03	-1.123136e-01	1.488987e+00	1.331323e-04
8.518707963259898e-03	-2.345502e-01	1.868948e-01	1.472652e-05
8.528473588259897e-03	-3.559040e-01	-1.129031e+00	-1.049176e-04
8.548004838259897e-03	-5.941412e-01	-3.765628e+00	-3.445931e-04
8.567536088259897e-03	-8.234420e-01	-6.360291e+00	-5.804104e-04
8.577301713259896e-03	-9.336568e-01	-7.626550e+00	-6.954797e-04
8.587067338259896e-03	-1.040357e+00	-8.825501e+00	-8.044537e-04
8.596832963259896e-03	-1.143142e+00	-9.740056e+00	-8.877752e-04
8.602660505932017e-03	-1.202453e+00	-9.956146e+00	-9.077791e-04
8.623796289637367e-03	-1.403477e+00	-9.978022e+00	-9.115529e-04
8.643327539637367e-03	-1.567342e+00	-9.984598e+00	-9.136200e-04
8.662858789637367e-03	-1.707632e+00	-9.988426e+00	-9.152275e-04
8.682390039637366e-03	-1.822237e+00	-9.990698e+00	-9.164637e-04
8.701921289637366e-03	-1.909435e+00	-9.992030e+00	-9.173685e-04
8.721452539637365e-03	-1.967913e+00	-9.992769e+00	-9.179614e-04
8.740983789637365e-03	-1.996792e+00	-9.993105e+00	-9.182516e-04
8.760515039637365e-03	-1.995637e+00	-9.993124e+00	-9.182428e-04
8.780046289637364e-03	-1.964465e+00	-9.992827e+00	-9.179356e-04
8.799577539637364e-03	-1.903747e+00	-9.992146e+00	-9.173277e-04
8.819108789637363e-03	-1.814394e+00	-9.990907e+00	-9.164118e-04
8.838640039637363e-03	-1.697751e+00	-9.988788e+00	-9.151711e-04
8.858171289637362e-03	-1.555573e+00	-9.985220e+00	-9.135700e-04
8.877702539637362e-03	-1.389997e+00	-9.979125e+00	-9.115307e-04
8.897233789637362e-03	-1.203514e+00	-9.967917e+00	-9.088425e-04
8.916765039637361e-03	-9.989293e-01	-9.935762e+00	-9.041045e-04
8.926530664637361e-03	-8.908008e-01	-9.866890e+00	-8.969299e-04
8.931818768176581e-03	-8.308233e-01	-9.746665e+00	-8.855605e-04
8.937529474523942e-03	-7.650247e-01	-9.481579e+00	-8.610855e-04
8.944647305843139e-03	-6.816443e-01	-8.989380e+00	-8.159907e-04
8.954412930843139e-03	-5.650628e-01	-8.127008e+00	-7.372489e-04
8.963663737026740e-03	-4.526585e-01	-7.170220e+00	-6.500400e-04
8.973429362026740e-03	-3.323476e-01	-6.050639e+00	-5.480938e-04
8.983194987026740e-03	-2.107858e-01	-4.858875e+00	-4.396336e-04
8.992960612026740e-03	-8.843072e-02	-3.618028e+00	-3.267442e-04
9.002726237026739e-03	3.425723e-02	-2.344974e+00	-2.109504e-04
9.012491862026739e-03	1.568162e-01	-1.051837e+00	-9.334854e-05
9.022257487026739e-03	2.787850e-01	2.521135e-01	2.522227e-05
9.041788737026739e-03	5.191196e-01	2.863368e+00	2.626335e-04
9.061319987026738e-03	7.516462e-01	5.439012e+00	4.967664e-04
9.071085612026738e-03	8.638825e-01	6.700160e+00	6.113935e-04
9.080851237026738e-03	9.728674e-01	7.865838e+00	7.173939e-04
9.086738971240861e-03	1.036831e+00	8.312486e+00	7.582098e-04
9.093648112956739e-03	1.110076e+00	8.463061e+00	7.724353e-04
9.114144459337795e-03	1.314540e+00	8.478388e+00	7.756504e-04
9.133675709337794e-03	1.489165e+00	8.484464e+00	7.777694e-04
9.153206959337794e-03	1.641392e+00	8.487941e+00	7.794528e-04
9.172738209337793e-03	1.768930e+00	8.489954e+00	7.807821e-04
9.192269459337793e-03	1.869862e+00	8.491114e+00	7.817950e-04
9.211800709337793e-03	1.942670e+00	8.491765e+00	7.825089e-04
9.231331959337792e-03	1.986258e+00	8.492097e+00	7.829311e-04
9.250863209337792e-03	1.999971e+00	8.492203e+00	7.830642e-04
9.270394459337791e-03	1.983602e+00	8.492115e+00	7.829089e-04
9.289925709337791e-03	1.937398e+00	8.491808e+00	7.824654e-04
9.309456959337790e-03	1.862054e+00	8.491199e+00	7.817324e-04
9.328988209337790e-03	1.758703e+00	8.490112e+00	7.807043e-04
9.338753834337790e-03	1.696995e+00	8.489298e+00	7.800754e-04
9.358285084337789e-03	1.554673e+00	8.486822e+00	7.785715e-04
9.377816334337789e-03	1.388968e+00	8.482540e+00	7.766943e-04
9.397347584337789e-03	1.202372e+00	8.474934e+00	7.743296e-04
9.416878834337788e-03	9.976901e-01	8.459518e+00	7.710986e-04
9.436410084337788e-03	7.780026e-01	8.385680e+00	7.624716e-04
9.442603672713386e-03	7.057309e-01	8.261376e+00	7.506236e-04
9.449363790226368e-03	6.256326e-01	7.969742e+00	7.236290e-04
9.455497482792331e-03	5.519761e-01	7.557188e+00	6.857978e-04
9.465263107792330e-03	4.330592e-01	6.700979e+00	6.075898e-04
9.474805394202127e-03	3.152841e-01	5.715962e+00	5.177896e-04
9.484571019202127e-03	1.935827e-01	4.589093e+00	4.151743e-04
9.494336644202126e-03	7.115281e-02	3.383606e+00	3.054700e-04
9.504102269202126e-03	-5.154493e-02	2.125860e+00	1.910552e-04
9.513867894202126e-03	-1.740487e-01	8.348178e-01	7.364251e-05
9.523633519202126e-03	-2.958973e-01	-4.756428e-01	-4.551371e-05
9.543164769202125e-03	-5.357991e-01	-3.114053e+00	-2.853676e-04
9.562696019202125e-03	-7.676420e-01	-5.723951e+00	-5.225802e-04
9.582227269202125e-03	-9.879389e-01	-8.254911e+00	-7.525774e-04
9.591992894202124e-03	-1.092714e+00	-9.404804e+00	-8.571184e-04
9.597668016995733e-03	-1.151737e+00	-9.817215e+00	-8.948052e-04
9.605174532998875e-03	-1.227546e+00	-9.963932e+00	-9.087060e-04
9.625852661590028e-03	-1.421770e+00	-9.978933e+00	-9.117994e-04
9.645383911590028e-03	-1.583262e+00	-9.985102e+00	-9.138086e-04
9.664915161590027e-03	-1.720941e+00	-9.988725e+00	-9.153742e-04
9.684446411590027e-03	-1.832735e+00	-9.990875e+00	-9.165741e-04
9.703977661590027e-03	-1.916964e+00	-9.992131e+00	-9.174453e-04
9.723508911590026e-03	-1.972359e+00	-9.992821e+00	-9.180062e-04
9.743040161590026e-03	-1.998088e+00	-9.993121e+00	-9.182647e-04
9.762571411590025e-03	-1.993764e+00	-9.993108e+00	-9.182245e-04
9.782102661590025e-03	-1.959452e+00	-9.992776e+00	-9.178859e-04
9.801633911590025e-03	-1.895668e+00	-9.992046e+00	-9.172460e-04
9.821165161590024e-03	-1.803371e+00	-9.990732e+00	-9.162969e-04
9.840696411590024e-03	-1.683950e+00	-9.988494e+00	-9.150204e-04
9.860227661590023e-03	-1.539201e+00	-9.984723e+00	-9.133780e-04
9.879758911590023e-03	-1.371301e+00	-9.978258e+00	-9.112844e-04
9.899290161590022e-03	-1.182775e+00	-9.966186e+00	-9.084999e-04
9.918821411590022e-03	-9.764594e-01	-9.924271e+00	-9.028669e-04
9.928587036590022e-03	-8.675908e-01	-9.822404e+00	-8.927131e-04
9.933969799965723e-03	-8.061602e-01	-9.663405e+00	-8.778375e-04
9.939573496007473e-03	-7.412297e-01	-9.350958e+00	-8.491027e-04
9.949339121007473e-03	-6.259270e-01	-8.593840e+00	-7.798537e-04
9.958337274731006e-03	-5.175902e-01	-7.737671e+00	-7.017464e-04
9.968102899731006e-03	-3.981529e-01	-6.671739e+00	-6.046410e-04
9.977868524731006e-03	-2.772169e-01	-5.516453e+00	-4.994727e-04
9.987634149731006e-03	-1.552376e-01	-4.299826e+00	-3.887687e-04
9.997399774731006e-03	-3.267394e-02	-3.046939e+00	-2.747931e-04
1.000000000000000e-02	-4.898587e-15	-2.708254e+00	-2.439867e-04
