time	V(v1)	V(v2)	V(vo)
0.000000000000000e+00	0.000000e+00	0.000000e+00	-2.553512e-03
9.128108935209796e-08	5.735363e-05	5.735363e-05	-2.558280e-03
1.825621787041959e-07	1.147072e-04	1.147072e-04	-2.594004e-03
2.738432680562939e-07	1.720607e-04	1.720607e-04	-2.660684e-03
3.651243574083919e-07	2.294142e-04	2.294142e-04	-2.758320e-03
4.564054467604898e-07	2.867675e-04	2.867675e-04	-2.886913e-03
5.476865361125878e-07	3.441209e-04	3.441209e-04	-3.046462e-03
6.389676254646856e-07	4.014741e-04	4.014741e-04	-3.236967e-03
1.059598548519261e-06	6.657605e-04	6.657605e-04	-4.637226e-03
1.884409667131484e-06	1.183982e-03	1.183982e-03	-9.308880e-03
3.219673521788097e-06	2.022843e-03	2.022843e-03	-2.118747e-02
4.942354474306362e-06	3.104874e-03	3.104874e-03	-4.351848e-02
7.309845768258638e-06	4.591297e-03	4.591297e-03	-8.493807e-02
1.034114699741786e-05	6.492964e-03	6.492964e-03	-1.518786e-01
1.442306207071853e-05	9.049878e-03	9.049878e-03	-2.592843e-01
1.930587457071853e-05	1.210051e-02	1.210051e-02	-4.041626e-01
2.418868707071854e-05	1.513976e-02	1.513976e-02	-5.605531e-01
2.907149957071854e-05	1.816476e-02	1.816476e-02	-7.239570e-01
3.395431207071854e-05	2.117266e-02	2.117266e-02	-8.910627e-01
4.371993707071853e-05	2.712587e-02	2.712587e-02	-1.229180e+00
5.348556207071854e-05	3.302852e-02	3.302852e-02	-1.570142e+00
6.325118707071854e-05	3.875495e-02	3.875495e-02	-1.902422e+00
7.301681207071855e-05	4.430514e-02	4.430514e-02	-2.226020e+00
8.278243707071856e-05	4.967910e-02	4.967910e-02	-2.540935e+00
9.254806207071857e-05	5.487683e-02	5.487683e-02	-2.847169e+00
1.023136870707186e-04	5.989832e-02	5.989832e-02	-3.144720e+00
1.120793120707186e-04	6.474359e-02	6.474359e-02	-3.433589e+00
1.281228388564329e-04	7.221915e-02	7.221915e-02	-3.882648e+00
1.441663656421472e-04	7.882018e-02	7.882018e-02	-4.283575e+00
1.602098924278615e-04	8.454670e-02	8.454670e-02	-4.636370e+00
1.762534192135758e-04	8.939870e-02	8.939870e-02	-4.941034e+00
1.922969459992901e-04	9.337617e-02	9.337617e-02	-5.197567e+00
2.083404727850044e-04	9.647912e-02	9.647912e-02	-5.405968e+00
2.243839995707187e-04	9.870755e-02	9.870755e-02	-5.566237e+00
2.383348924278615e-04	9.971376e-02	9.971376e-02	-5.652933e+00
2.522857852850044e-04	9.996657e-02	9.996657e-02	-5.696389e+00
2.662366781421473e-04	9.946597e-02	9.946597e-02	-5.696606e+00
2.801875709992902e-04	9.821196e-02	9.821196e-02	-5.653584e+00
2.941384638564330e-04	9.620454e-02	9.620454e-02	-5.567322e+00
3.080893567135759e-04	9.344371e-02	9.344371e-02	-5.437822e+00
3.220402495707187e-04	8.992947e-02	8.992947e-02	-5.265083e+00
3.359911424278616e-04	8.564522e-02	8.564522e-02	-5.047293e+00
3.499420352850045e-04	8.080871e-02	8.080871e-02	-4.796341e+00
3.638929281421474e-04	7.541995e-02	7.541995e-02	-4.512228e+00
3.778438209992902e-04	6.947894e-02	6.947894e-02	-4.194954e+00
3.917947138564331e-04	6.298567e-02	6.298567e-02	-3.844519e+00
4.057456067135760e-04	5.594016e-02	5.594016e-02	-3.460923e+00
4.196964995707188e-04	4.834239e-02	4.834239e-02	-3.044165e+00
4.287645799278617e-04	4.323538e-02	4.323538e-02	-2.762295e+00
4.378326602850045e-04	3.803122e-02	3.803122e-02	-2.473871e+00
4.469007406421475e-04	3.272989e-02	3.272989e-02	-2.178893e+00
4.559688209992903e-04	2.733141e-02	2.733141e-02	-1.877361e+00
4.650369013564332e-04	2.183576e-02	2.183576e-02	-1.569274e+00
4.741049817135760e-04	1.624296e-02	1.624296e-02	-1.254634e+00
4.831730620707189e-04	1.055299e-02	1.055299e-02	-9.334390e-01
4.866607852850046e-04	8.368839e-03	8.368839e-03	-8.098451e-01
4.901485084992903e-04	6.183294e-03	6.183294e-03	-6.860123e-01
4.936362317135760e-04	3.996356e-03	3.996356e-03	-5.619405e-01
4.971239549278618e-04	1.808025e-03	1.808025e-03	-4.376297e-01
5.006116781421475e-04	-3.816988e-04	-3.816988e-04	-3.130799e-01
5.040994013564332e-04	-2.572816e-03	-2.572816e-03	-1.882912e-01
5.075871245707189e-04	-4.765326e-03	-4.765326e-03	-6.326343e-02
5.222355620707189e-04	-1.392561e-02	-1.392561e-02	4.608491e-01
5.299085531421475e-04	-1.870851e-02	-1.870851e-02	7.356540e-01
5.375815442135760e-04	-2.342103e-02	-2.342103e-02	1.007190e+00
5.452545352850046e-04	-2.806319e-02	-2.806319e-02	1.275457e+00
5.529275263564332e-04	-3.263498e-02	-3.263498e-02	1.540454e+00
5.606005174278618e-04	-3.713640e-02	-3.713640e-02	1.802183e+00
5.682735084992903e-04	-4.156745e-02	-4.156745e-02	2.060643e+00
5.759464995707189e-04	-4.592813e-02	-4.592813e-02	2.315833e+00
5.891998477850046e-04	-5.326437e-02	-5.326437e-02	2.747349e+00
6.024531959992903e-04	-6.012246e-02	-6.012246e-02	3.153295e+00
6.157065442135762e-04	-6.650237e-02	-6.650237e-02	3.533673e+00
6.289598924278619e-04	-7.240412e-02	-7.240412e-02	3.888482e+00
6.422132406421476e-04	-7.782770e-02	-7.782770e-02	4.217722e+00
6.554665888564333e-04	-8.277312e-02	-8.277312e-02	4.521393e+00
6.687199370707190e-04	-8.724037e-02	-8.724037e-02	4.799495e+00
6.826708299278619e-04	-9.122477e-02	-9.122477e-02	5.052757e+00
6.966217227850047e-04	-9.446345e-02	-9.446345e-02	5.264092e+00
7.105726156421476e-04	-9.695642e-02	-9.695642e-02	5.433500e+00
7.245235084992904e-04	-9.870367e-02	-9.870367e-02	5.560982e+00
7.384744013564334e-04	-9.970519e-02	-9.970519e-02	5.646536e+00
7.524252942135763e-04	-9.996101e-02	-9.996101e-02	5.690164e+00
7.663761870707191e-04	-9.947110e-02	-9.947110e-02	5.691864e+00
7.810246245707191e-04	-9.803362e-02	-9.803362e-02	5.640856e+00
7.956730620707191e-04	-9.583200e-02	-9.583200e-02	5.545221e+00
8.103214995707191e-04	-9.286624e-02	-9.286624e-02	5.404960e+00
8.249699370707191e-04	-8.913633e-02	-8.913633e-02	5.220073e+00
8.396183745707192e-04	-8.464228e-02	-8.464228e-02	4.990558e+00
8.542668120707192e-04	-7.938408e-02	-7.938408e-02	4.716417e+00
8.689152495707192e-04	-7.336173e-02	-7.336173e-02	4.397650e+00
8.807735084992906e-04	-6.801446e-02	-6.801446e-02	4.111083e+00
8.926317674278621e-04	-6.237287e-02	-6.237287e-02	3.806223e+00
9.044900263564335e-04	-5.643698e-02	-5.643698e-02	3.483067e+00
9.163482852850049e-04	-5.020678e-02	-5.020678e-02	3.141617e+00
9.282065442135764e-04	-4.368226e-02	-4.368226e-02	2.781872e+00
9.400648031421478e-04	-3.686344e-02	-3.686344e-02	2.403833e+00
9.519230620707193e-04	-2.975031e-02	-2.975031e-02	2.007499e+00
9.582009638564334e-04	-2.594716e-02	-2.594716e-02	1.794754e+00
9.644788656421478e-04	-2.211865e-02	-2.211865e-02	1.580057e+00
9.707567674278620e-04	-1.826477e-02	-1.826477e-02	1.363407e+00
9.770346692135762e-04	-1.438554e-02	-1.438554e-02	1.144804e+00
9.833125709992905e-04	-1.048095e-02	-1.048095e-02	9.242486e-01
9.895904727850045e-04	-6.550997e-03	-6.550997e-03	7.017401e-01
9.958683745707189e-04	-2.595685e-03	-2.595685e-03	4.772788e-01
1.000053642427862e-03	3.824131e-05	3.824131e-05	3.275121e-01
1.004238910285004e-03	2.667605e-03	2.667605e-03	1.777755e-01
1.008424178142147e-03	5.292407e-03	5.292407e-03	2.806888e-02
1.012609445999290e-03	7.912646e-03	7.912646e-03	-1.216076e-01
1.016794713856433e-03	1.052832e-02	1.052832e-02	-2.712541e-01
1.020979981713575e-03	1.313944e-02	1.313944e-02	-4.208705e-01
1.025165249570718e-03	1.574599e-02	1.574599e-02	-5.704568e-01
1.033535785285004e-03	2.095004e-02	2.095004e-02	-8.698313e-01
1.041906320999289e-03	2.606157e-02	2.606157e-02	-1.164806e+00
1.050276856713575e-03	3.108058e-02	3.108058e-02	-1.455380e+00
1.058647392427860e-03	3.600707e-02	3.600707e-02	-1.741554e+00
1.067017928142146e-03	4.084105e-02	4.084105e-02	-2.023327e+00
1.075388463856431e-03	4.558250e-02	4.558250e-02	-2.300701e+00
1.083758999570717e-03	5.023144e-02	5.023144e-02	-2.573674e+00
1.097709892427860e-03	5.772571e-02	5.772571e-02	-3.016260e+00
1.111660785285002e-03	6.465648e-02	6.465648e-02	-3.428478e+00
1.125611678142145e-03	7.102374e-02	7.102374e-02	-3.810329e+00
1.139562570999287e-03	7.682749e-02	7.682749e-02	-4.161812e+00
1.153513463856430e-03	8.206774e-02	8.206774e-02	-4.482928e+00
1.167464356713572e-03	8.674449e-02	8.674449e-02	-4.773676e+00
1.181415249570715e-03	9.085774e-02	9.085774e-02	-5.034057e+00
1.194668597785000e-03	9.404261e-02	9.404261e-02	-5.241338e+00
1.207921945999286e-03	9.654632e-02	9.654632e-02	-5.410172e+00
1.221175294213571e-03	9.836885e-02	9.836885e-02	-5.540559e+00
1.234428642427857e-03	9.951022e-02	9.951022e-02	-5.632498e+00
1.247681990642142e-03	9.997041e-02	9.997041e-02	-5.685990e+00
1.260935338856427e-03	9.974944e-02	9.974944e-02	-5.701034e+00
1.274188687070713e-03	9.884729e-02	9.884729e-02	-5.677631e+00
1.289534669213570e-03	9.683468e-02	9.683468e-02	-5.595119e+00
1.304880651356426e-03	9.401038e-02	9.401038e-02	-5.464988e+00
1.320226633499283e-03	9.037439e-02	9.037439e-02	-5.287240e+00
1.335572615642140e-03	8.592671e-02	8.592671e-02	-5.061873e+00
1.350918597784997e-03	8.066734e-02	8.066734e-02	-4.788888e+00
1.366264579927854e-03	7.459629e-02	7.459629e-02	-4.468284e+00
1.381610562070711e-03	6.771354e-02	6.771354e-02	-4.100063e+00
1.392771276356425e-03	6.231707e-02	6.231707e-02	-3.808299e+00
1.403931990642139e-03	5.668687e-02	5.668687e-02	-3.501810e+00
1.415092704927853e-03	5.082294e-02	5.082294e-02	-3.180595e+00
1.426253419213567e-03	4.472527e-02	4.472527e-02	-2.844654e+00
1.437414133499281e-03	3.839387e-02	3.839387e-02	-2.493989e+00
1.448574847784995e-03	3.182875e-02	3.182875e-02	-2.128597e+00
1.459735562070709e-03	2.502989e-02	2.502989e-02	-1.748480e+00
1.465315919213566e-03	2.160991e-02	2.160991e-02	-1.556601e+00
1.470896276356423e-03	1.817399e-02	1.817399e-02	-1.363410e+00
1.476476633499280e-03	1.472213e-02	1.472213e-02	-1.168906e+00
1.482056990642137e-03	1.125431e-02	1.125431e-02	-9.730895e-01
1.487637347784994e-03	7.770554e-03	7.770554e-03	-7.759607e-01
1.493217704927851e-03	4.270847e-03	4.270847e-03	-5.775193e-01
1.498798062070708e-03	7.551927e-04	7.551927e-04	-3.777655e-01
1.518329312070708e-03	-1.149121e-02	-1.149121e-02	3.212858e-01
1.525304758499279e-03	-1.585291e-02	-1.585291e-02	5.714910e-01
1.532280204927850e-03	-2.016376e-02	-2.016376e-02	8.194175e-01
1.539255651356421e-03	-2.442376e-02	-2.442376e-02	1.065065e+00
1.546231097784993e-03	-2.863290e-02	-2.863290e-02	1.308434e+00
1.553206544213564e-03	-3.279118e-02	-3.279118e-02	1.549525e+00
1.560181990642135e-03	-3.689860e-02	-3.689860e-02	1.788336e+00
1.567157437070707e-03	-4.095517e-02	-4.095517e-02	2.024869e+00
1.579713240642135e-03	-4.811368e-02	-4.811368e-02	2.444151e+00
1.592269044213563e-03	-5.487507e-02	-5.487507e-02	2.842406e+00
1.604824847784992e-03	-6.123932e-02	-6.123932e-02	3.219634e+00
1.617380651356420e-03	-6.720644e-02	-6.720644e-02	3.575836e+00
1.629936454927848e-03	-7.277643e-02	-7.277643e-02	3.911010e+00
1.642492258499277e-03	-7.794930e-02	-7.794930e-02	4.225158e+00
1.655048062070705e-03	-8.272503e-02	-8.272503e-02	4.518280e+00
1.669696499570704e-03	-8.759878e-02	-8.759878e-02	4.822281e+00
1.684344937070704e-03	-9.166516e-02	-9.166516e-02	5.081089e+00
1.698993374570704e-03	-9.492416e-02	-9.492416e-02	5.294704e+00
1.713641812070704e-03	-9.737579e-02	-9.737579e-02	5.463124e+00
1.728290249570703e-03	-9.902004e-02	-9.902004e-02	5.586350e+00
1.742938687070703e-03	-9.985690e-02	-9.985690e-02	5.664383e+00
1.757587124570703e-03	-9.988640e-02	-9.988640e-02	5.697222e+00
1.771538017427845e-03	-9.903389e-02	-9.903389e-02	5.678197e+00
1.785488910284988e-03	-9.746724e-02	-9.746724e-02	5.617660e+00
1.799439803142130e-03	-9.518643e-02	-9.518643e-02	5.515610e+00
1.813390695999273e-03	-9.219147e-02	-9.219147e-02	5.372049e+00
1.827341588856415e-03	-8.848236e-02	-8.848236e-02	5.186974e+00
1.841292481713558e-03	-8.405910e-02	-8.405910e-02	4.960388e+00
1.855243374570701e-03	-7.892168e-02	-7.892168e-02	4.692289e+00
1.867799178142129e-03	-7.374067e-02	-7.374067e-02	4.417751e+00
1.880354981713557e-03	-6.819393e-02	-6.819393e-02	4.120751e+00
1.892910785284986e-03	-6.228149e-02	-6.228149e-02	3.801289e+00
1.905466588856414e-03	-5.600333e-02	-5.600333e-02	3.459366e+00
1.918022392427842e-03	-4.935946e-02	-4.935946e-02	3.094981e+00
1.930578195999270e-03	-4.234987e-02	-4.234987e-02	2.708135e+00
1.943133999570699e-03	-3.497457e-02	-3.497457e-02	2.298827e+00
1.950806990642127e-03	-3.039173e-02	-3.039173e-02	2.043315e+00
1.958479981713555e-03	-2.576544e-02	-2.576544e-02	1.784574e+00
1.966152972784984e-03	-2.109570e-02	-2.109570e-02	1.522603e+00
1.973825963856412e-03	-1.638252e-02	-1.638252e-02	1.257402e+00
1.981498954927841e-03	-1.162588e-02	-1.162588e-02	9.889708e-01
1.989171945999269e-03	-6.825792e-03	-6.825792e-03	7.173101e-01
1.996844937070698e-03	-1.982255e-03	-1.982255e-03	4.424196e-01
2.001030204927840e-03	6.518278e-04	6.518278e-04	2.925902e-01
2.005215472784983e-03	3.280925e-03	3.280925e-03	1.428151e-01
2.009400740642126e-03	5.905036e-03	5.905036e-03	-6.905831e-03
2.013586008499269e-03	8.524162e-03	8.524162e-03	-1.565725e-01
2.017771276356412e-03	1.113830e-02	1.113830e-02	-3.061850e-01
2.021956544213555e-03	1.374746e-02	1.374746e-02	-4.557432e-01
2.026141812070697e-03	1.635163e-02	1.635163e-02	-6.052473e-01
2.034512347784983e-03	2.154959e-02	2.154959e-02	-9.043818e-01
2.042882883499268e-03	2.665345e-02	2.665345e-02	-1.199024e+00
2.051253419213554e-03	3.166319e-02	3.166319e-02	-1.489173e+00
2.059623954927839e-03	3.657882e-02	3.657882e-02	-1.774829e+00
2.067994490642125e-03	4.140035e-02	4.140035e-02	-2.055993e+00
2.076365026356410e-03	4.612776e-02	4.612776e-02	-2.332664e+00
2.084735562070696e-03	5.076106e-02	5.076106e-02	-2.604842e+00
2.098686454927838e-03	5.822544e-02	5.822544e-02	-3.045879e+00
2.112637347784981e-03	6.512318e-02	6.512318e-02	-3.456359e+00
2.126588240642123e-03	7.145428e-02	7.145428e-02	-3.836282e+00
2.140539133499266e-03	7.721875e-02	7.721875e-02	-4.185647e+00
2.154490026356409e-03	8.241658e-02	8.241658e-02	-4.504455e+00
2.168440919213551e-03	8.704777e-02	8.704777e-02	-4.792705e+00
2.182391812070694e-03	9.111233e-02	9.111233e-02	-5.050399e+00
2.195645160284979e-03	9.424902e-02	9.424902e-02	-5.255002e+00
2.208898508499265e-03	9.670397e-02	9.670397e-02	-5.421112e+00
2.222151856713550e-03	9.847718e-02	9.847718e-02	-5.548728e+00
2.235405204927835e-03	9.956863e-02	9.956863e-02	-5.637849e+00
2.248658553142121e-03	9.997835e-02	9.997835e-02	-5.688477e+00
2.261911901356406e-03	9.970631e-02	9.970631e-02	-5.700611e+00
2.275165249570692e-03	9.875254e-02	9.875254e-02	-5.674251e+00
2.290511231713549e-03	9.668077e-02	9.668077e-02	-5.588331e+00
2.305857213856405e-03	9.379999e-02	9.379999e-02	-5.454929e+00
2.321203195999262e-03	9.011018e-02	9.011018e-02	-5.274044e+00
2.336549178142119e-03	8.561136e-02	8.561136e-02	-5.045675e+00
2.351895160284976e-03	8.030351e-02	8.030351e-02	-4.769824e+00
2.367241142427833e-03	7.418664e-02	7.418664e-02	-4.446490e+00
2.382587124570690e-03	6.726075e-02	6.726075e-02	-4.075674e+00
2.393747838856403e-03	6.183611e-02	6.183611e-02	-3.782197e+00
2.404908553142117e-03	5.618039e-02	5.618039e-02	-3.474140e+00
2.416069267427831e-03	5.029357e-02	5.029357e-02	-3.151504e+00
2.427229981713546e-03	4.417565e-02	4.417565e-02	-2.814287e+00
2.438390695999260e-03	3.782665e-02	3.782665e-02	-2.462489e+00
2.449551410284974e-03	3.124655e-02	3.124655e-02	-2.096112e+00
2.460712124570688e-03	2.443536e-02	2.443536e-02	-1.715155e+00
2.466292481713545e-03	2.101042e-02	2.101042e-02	-1.522923e+00
2.471872838856402e-03	1.757028e-02	1.757028e-02	-1.329422e+00
2.477453195999259e-03	1.411495e-02	1.411495e-02	-1.134650e+00
2.483033553142116e-03	1.064441e-02	1.064441e-02	-9.386080e-01
2.488613910284973e-03	7.158677e-03	7.158677e-03	-7.412956e-01
2.494194267427830e-03	3.657742e-03	3.657742e-03	-5.427129e-01
2.499774624570687e-03	1.416075e-04	1.416075e-04	-3.428599e-01
2.509540249570687e-03	-5.990726e-03	-5.990726e-03	6.685151e-03
2.514423062070687e-03	-9.057007e-03	-9.057007e-03	1.819373e-01
2.519305874570687e-03	-1.210763e-02	-1.210763e-02	3.566071e-01
2.524188687070686e-03	-1.514259e-02	-1.514259e-02	5.306946e-01
2.529071499570686e-03	-1.816190e-02	-1.816190e-02	7.041998e-01
2.533954312070686e-03	-2.116555e-02	-2.116555e-02	8.771227e-01
2.538837124570686e-03	-2.415353e-02	-2.415353e-02	1.049463e+00
2.543719937070686e-03	-2.712587e-02	-2.712587e-02	1.221222e+00
2.554183106713543e-03	-3.345336e-02	-3.345336e-02	1.588009e+00
2.564646276356400e-03	-3.957289e-02	-3.957289e-02	1.944214e+00
2.575109445999257e-03	-4.548444e-02	-4.548444e-02	2.289836e+00
2.585572615642114e-03	-5.118802e-02	-5.118802e-02	2.624875e+00
2.596035785284971e-03	-5.668362e-02	-5.668362e-02	2.949332e+00
2.606498954927827e-03	-6.197125e-02	-6.197125e-02	3.263205e+00
2.616962124570685e-03	-6.705090e-02	-6.705090e-02	3.566496e+00
2.633005651356398e-03	-7.430462e-02	-7.430462e-02	4.003681e+00
2.649049178142112e-03	-8.066909e-02	-8.066909e-02	4.391806e+00
2.665092704927826e-03	-8.614430e-02	-8.614430e-02	4.730871e+00
2.681136231713540e-03	-9.073027e-02	-9.073027e-02	5.020877e+00
2.697179758499254e-03	-9.442699e-02	-9.442699e-02	5.261823e+00
2.713223285284968e-03	-9.723446e-02	-9.723446e-02	5.453709e+00
2.729266812070682e-03	-9.915268e-02	-9.915268e-02	5.596536e+00
2.743217704927824e-03	-9.988636e-02	-9.988636e-02	5.667811e+00
2.757168597784967e-03	-9.987039e-02	-9.987039e-02	5.695983e+00
2.771119490642110e-03	-9.910475e-02	-9.910475e-02	5.681054e+00
2.785070383499252e-03	-9.758946e-02	-9.758946e-02	5.623023e+00
2.799021276356395e-03	-9.532450e-02	-9.532450e-02	5.521890e+00
2.812972169213538e-03	-9.230988e-02	-9.230988e-02	5.377655e+00
2.826923062070680e-03	-8.854561e-02	-8.854561e-02	5.190318e+00
2.840873954927822e-03	-8.402316e-02	-8.402316e-02	4.958527e+00
2.854824847784965e-03	-7.896481e-02	-7.896481e-02	4.694450e+00
2.868775740642108e-03	-7.337055e-02	-7.337055e-02	4.398085e+00
2.882726633499250e-03	-6.724038e-02	-6.724038e-02	4.069433e+00
2.896677526356393e-03	-6.057430e-02	-6.057430e-02	3.708494e+00
2.910628419213536e-03	-5.337231e-02	-5.337231e-02	3.315269e+00
2.924579312070678e-03	-4.563441e-02	-4.563441e-02	2.889756e+00
2.932949847784964e-03	-4.085915e-02	-4.085915e-02	2.625637e+00
2.941320383499249e-03	-3.600510e-02	-3.600510e-02	2.356157e+00
2.949690919213535e-03	-3.107226e-02	-3.107226e-02	2.081314e+00
2.958061454927820e-03	-2.606063e-02	-2.606063e-02	1.801110e+00
2.966431990642106e-03	-2.097020e-02	-2.097020e-02	1.515543e+00
2.974802526356391e-03	-1.580099e-02	-1.580099e-02	1.224616e+00
2.983173062070677e-03	-1.055299e-02	-1.055299e-02	9.283258e-01
2.986660785284962e-03	-8.368839e-03	-8.368839e-03	8.047319e-01
2.990148508499248e-03	-6.183294e-03	-6.183294e-03	6.808990e-01
2.993636231713534e-03	-3.996356e-03	-3.996356e-03	5.568271e-01
2.997123954927819e-03	-1.808025e-03	-1.808025e-03	4.325163e-01
3.000611678142105e-03	3.816988e-04	3.816988e-04	3.079665e-01
3.004099401356390e-03	2.572816e-03	2.572816e-03	1.831777e-01
3.007587124570676e-03	4.765326e-03	4.765326e-03	5.814992e-02
3.022235562070676e-03	1.392561e-02	1.392561e-02	-4.659626e-01
3.029908553142104e-03	1.870851e-02	1.870851e-02	-7.407676e-01
3.037581544213533e-03	2.342103e-02	2.342103e-02	-1.012303e+00
3.045254535284961e-03	2.806319e-02	2.806319e-02	-1.280570e+00
3.052927526356389e-03	3.263498e-02	3.263498e-02	-1.545568e+00
3.060600517427818e-03	3.713640e-02	3.713640e-02	-1.807296e+00
3.068273508499246e-03	4.156745e-02	4.156745e-02	-2.065756e+00
3.075946499570675e-03	4.592813e-02	4.592813e-02	-2.320946e+00
3.089199847784960e-03	5.326437e-02	5.326437e-02	-2.752461e+00
3.102453195999246e-03	6.012246e-02	6.012246e-02	-3.158407e+00
3.115706544213531e-03	6.650237e-02	6.650237e-02	-3.538785e+00
3.128959892427816e-03	7.240412e-02	7.240412e-02	-3.893593e+00
3.142213240642102e-03	7.782770e-02	7.782770e-02	-4.222832e+00
3.155466588856387e-03	8.277312e-02	8.277312e-02	-4.526502e+00
3.168719937070673e-03	8.724037e-02	8.724037e-02	-4.804604e+00
3.182670829927815e-03	9.122477e-02	9.122477e-02	-5.057865e+00
3.196621722784958e-03	9.446345e-02	9.446345e-02	-5.269200e+00
3.210572615642100e-03	9.695642e-02	9.695642e-02	-5.438608e+00
3.224523508499243e-03	9.870367e-02	9.870367e-02	-5.566089e+00
3.238474401356385e-03	9.970519e-02	9.970519e-02	-5.651644e+00
3.252425294213528e-03	9.996101e-02	9.996101e-02	-5.695271e+00
3.266376187070671e-03	9.947110e-02	9.947110e-02	-5.696971e+00
3.281024624570670e-03	9.803362e-02	9.803362e-02	-5.645963e+00
3.295673062070670e-03	9.583200e-02	9.583200e-02	-5.550329e+00
3.310321499570670e-03	9.286624e-02	9.286624e-02	-5.410068e+00
3.324969937070669e-03	8.913633e-02	8.913633e-02	-5.225180e+00
3.339618374570669e-03	8.464228e-02	8.464228e-02	-4.995666e+00
3.354266812070669e-03	7.938408e-02	7.938408e-02	-4.721526e+00
3.368915249570668e-03	7.336173e-02	7.336173e-02	-4.402759e+00
3.380773508499240e-03	6.801446e-02	6.801446e-02	-4.116193e+00
3.392631767427811e-03	6.237287e-02	6.237287e-02	-3.811333e+00
3.404490026356382e-03	5.643698e-02	5.643698e-02	-3.488178e+00
3.416348285284953e-03	5.020678e-02	5.020678e-02	-3.146728e+00
3.428206544213525e-03	4.368226e-02	4.368226e-02	-2.786984e+00
3.440064803142095e-03	3.686344e-02	3.686344e-02	-2.408945e+00
3.451923062070667e-03	2.975031e-02	2.975031e-02	-2.012611e+00
3.458200963856381e-03	2.594716e-02	2.594716e-02	-1.799867e+00
3.464478865642095e-03	2.211865e-02	2.211865e-02	-1.585170e+00
3.470756767427809e-03	1.826477e-02	1.826477e-02	-1.368520e+00
3.477034669213524e-03	1.438554e-02	1.438554e-02	-1.149917e+00
3.483312570999238e-03	1.048095e-02	1.048095e-02	-9.293618e-01
3.489590472784952e-03	6.550997e-03	6.550997e-03	-7.068534e-01
3.495868374570666e-03	2.595685e-03	2.595685e-03	-4.823922e-01
3.500053642427808e-03	-3.824131e-05	-3.824131e-05	-3.326255e-01
3.504238910284951e-03	-2.667605e-03	-2.667605e-03	-1.828889e-01
3.508424178142094e-03	-5.292407e-03	-5.292407e-03	-3.318240e-02
3.512609445999237e-03	-7.912646e-03	-7.912646e-03	1.164941e-01
3.516794713856380e-03	-1.052832e-02	-1.052832e-02	2.661405e-01
3.520979981713523e-03	-1.313944e-02	-1.313944e-02	4.157569e-01
3.525165249570665e-03	-1.574599e-02	-1.574599e-02	5.653433e-01
3.533535785284951e-03	-2.095004e-02	-2.095004e-02	8.647178e-01
3.541906320999236e-03	-2.606157e-02	-2.606157e-02	1.159692e+00
3.550276856713522e-03	-3.108058e-02	-3.108058e-02	1.450266e+00
3.558647392427807e-03	-3.600707e-02	-3.600707e-02	1.736441e+00
3.567017928142093e-03	-4.084105e-02	-4.084105e-02	2.018214e+00
3.575388463856378e-03	-4.558250e-02	-4.558250e-02	2.295588e+00
3.583758999570664e-03	-5.023144e-02	-5.023144e-02	2.568562e+00
3.597709892427806e-03	-5.772571e-02	-5.772571e-02	3.011148e+00
3.611660785284949e-03	-6.465648e-02	-6.465648e-02	3.423366e+00
3.625611678142091e-03	-7.102374e-02	-7.102374e-02	3.805218e+00
3.639562570999234e-03	-7.682749e-02	-7.682749e-02	4.156701e+00
3.653513463856377e-03	-8.206774e-02	-8.206774e-02	4.477818e+00
3.667464356713519e-03	-8.674449e-02	-8.674449e-02	4.768567e+00
3.681415249570662e-03	-9.085774e-02	-9.085774e-02	5.028948e+00
3.694668597784947e-03	-9.404261e-02	-9.404261e-02	5.236230e+00
3.707921945999233e-03	-9.654632e-02	-9.654632e-02	5.405064e+00
3.721175294213518e-03	-9.836885e-02	-9.836885e-02	5.535451e+00
3.734428642427803e-03	-9.951022e-02	-9.951022e-02	5.627391e+00
3.747681990642089e-03	-9.997041e-02	-9.997041e-02	5.680883e+00
3.760935338856374e-03	-9.974944e-02	-9.974944e-02	5.695927e+00
3.774188687070660e-03	-9.884729e-02	-9.884729e-02	5.672524e+00
3.789534669213517e-03	-9.683468e-02	-9.683468e-02	5.590012e+00
3.804880651356373e-03	-9.401038e-02	-9.401038e-02	5.459881e+00
3.820226633499230e-03	-9.037439e-02	-9.037439e-02	5.282132e+00
3.835572615642087e-03	-8.592671e-02	-8.592671e-02	5.056765e+00
3.850918597784944e-03	-8.066734e-02	-8.066734e-02	4.783779e+00
3.866264579927801e-03	-7.459629e-02	-7.459629e-02	4.463175e+00
3.881610562070658e-03	-6.771354e-02	-6.771354e-02	4.094953e+00
3.892771276356372e-03	-6.231707e-02	-6.231707e-02	3.803189e+00
3.903931990642086e-03	-5.668687e-02	-5.668687e-02	3.496699e+00
3.915092704927800e-03	-5.082294e-02	-5.082294e-02	3.175484e+00
3.926253419213514e-03	-4.472527e-02	-4.472527e-02	2.839543e+00
3.937414133499228e-03	-3.839387e-02	-3.839387e-02	2.488877e+00
3.948574847784942e-03	-3.182875e-02	-3.182875e-02	2.123485e+00
3.959735562070656e-03	-2.502989e-02	-2.502989e-02	1.743367e+00
3.965315919213513e-03	-2.160991e-02	-2.160991e-02	1.551488e+00
3.970896276356371e-03	-1.817399e-02	-1.817399e-02	1.358297e+00
3.976476633499228e-03	-1.472213e-02	-1.472213e-02	1.163793e+00
3.982056990642084e-03	-1.125431e-02	-1.125431e-02	9.679763e-01
3.987637347784941e-03	-7.770554e-03	-7.770554e-03	7.708474e-01
3.993217704927799e-03	-4.270847e-03	-4.270847e-03	5.724060e-01
3.998798062070655e-03	-7.551927e-04	-7.551927e-04	3.726521e-01
4.008563687070655e-03	5.378127e-03	5.378127e-03	2.317612e-02
4.012748954927798e-03	8.006344e-03	8.006344e-03	-1.269648e-01
4.016934222784940e-03	1.062452e-02	1.062452e-02	-2.767619e-01
4.021119490642083e-03	1.323265e-02	1.323265e-02	-4.262152e-01
4.025304758499226e-03	1.583074e-02	1.583074e-02	-5.753248e-01
4.029490026356369e-03	1.841879e-02	1.841879e-02	-7.240906e-01
4.033675294213512e-03	2.099680e-02	2.099680e-02	-8.725126e-01
4.037860562070655e-03	2.356477e-02	2.356477e-02	-1.020591e+00
4.047626187070654e-03	2.953226e-02	2.953226e-02	-1.365659e+00
4.057391812070654e-03	3.533581e-02	3.533581e-02	-1.702519e+00
4.067157437070654e-03	4.097543e-02	4.097543e-02	-2.031172e+00
4.076923062070654e-03	4.645112e-02	4.645112e-02	-2.351619e+00
4.086688687070654e-03	5.176287e-02	5.176287e-02	-2.663857e+00
4.096454312070653e-03	5.691068e-02	5.691068e-02	-2.967889e+00
4.106219937070653e-03	6.189456e-02	6.189456e-02	-3.263713e+00
4.122263463856368e-03	6.962703e-02	6.962703e-02	-3.726463e+00
4.138306990642081e-03	7.650374e-02	7.650374e-02	-4.142255e+00
4.154350517427795e-03	8.252468e-02	8.252468e-02	-4.511088e+00
4.170394044213509e-03	8.768986e-02	8.768986e-02	-4.832963e+00
4.186437570999223e-03	9.199927e-02	9.199927e-02	-5.107881e+00
4.202481097784936e-03	9.545292e-02	9.545292e-02	-5.335840e+00
4.218524624570651e-03	9.805080e-02	9.805080e-02	-5.516840e+00
4.232475517427794e-03	9.938279e-02	9.938279e-02	-5.621932e+00
4.246426410284936e-03	9.995780e-02	9.995780e-02	-5.683673e+00
4.260377303142078e-03	9.977584e-02	9.977584e-02	-5.702065e+00
4.274328195999221e-03	9.883690e-02	9.883690e-02	-5.677106e+00
4.288279088856364e-03	9.714100e-02	9.714100e-02	-5.608797e+00
4.302229981713506e-03	9.468812e-02	9.468812e-02	-5.497138e+00
4.316180874570649e-03	9.147827e-02	9.147827e-02	-5.342129e+00
4.330829312070648e-03	8.725428e-02	8.725428e-02	-5.129607e+00
4.345477749570648e-03	8.240973e-02	8.240973e-02	-4.879904e+00
4.360126187070648e-03	7.694462e-02	7.694462e-02	-4.593021e+00
4.374774624570647e-03	7.085895e-02	7.085895e-02	-4.268958e+00
4.389423062070647e-03	6.415273e-02	6.415273e-02	-3.907714e+00
4.404071499570647e-03	5.682594e-02	5.682594e-02	-3.509290e+00
4.418719937070647e-03	4.887860e-02	4.887860e-02	-3.073686e+00
4.427788017427789e-03	4.378781e-02	4.378781e-02	-2.792842e+00
4.436856097784932e-03	3.859796e-02	3.859796e-02	-2.505338e+00
4.445924178142074e-03	3.330906e-02	3.330906e-02	-2.211175e+00
4.454992258499217e-03	2.792111e-02	2.792111e-02	-1.910353e+00
4.464060338856360e-03	2.243411e-02	2.243411e-02	-1.602870e+00
4.473128419213502e-03	1.684806e-02	1.684806e-02	-1.288728e+00
4.482196499570645e-03	1.116295e-02	1.116295e-02	-9.679259e-01
4.485684222784930e-03	8.980117e-03	8.980117e-03	-8.444514e-01
4.489171945999217e-03	6.795591e-03	6.795591e-03	-7.207212e-01
4.492659669213502e-03	4.609379e-03	4.609379e-03	-5.967353e-01
4.496147392427788e-03	2.421479e-03	2.421479e-03	-4.724938e-01
4.499635115642073e-03	2.318918e-04	2.318918e-04	-3.479965e-01
4.503122838856359e-03	-1.959383e-03	-1.959383e-03	-2.232435e-01
4.506610562070645e-03	-4.152345e-03	-4.152345e-03	-9.823491e-02
4.521258999570644e-03	-1.331774e-02	-1.331774e-02	4.259811e-01
4.528931990642073e-03	-1.810542e-02	-1.810542e-02	7.009604e-01
4.536604981713501e-03	-2.282408e-02	-2.282408e-02	9.727493e-01
4.544277972784929e-03	-2.747374e-02	-2.747374e-02	1.241348e+00
4.551950963856358e-03	-3.205438e-02	-3.205438e-02	1.506756e+00
4.559623954927787e-03	-3.656600e-02	-3.656600e-02	1.768973e+00
4.567296945999215e-03	-4.100862e-02	-4.100862e-02	2.028000e+00
4.574969937070643e-03	-4.538222e-02	-4.538222e-02	2.283837e+00
4.588223285284928e-03	-5.274425e-02	-5.274425e-02	2.716669e+00
4.601476633499214e-03	-5.963115e-02	-5.963115e-02	3.124116e+00
4.614729981713499e-03	-6.604293e-02	-6.604293e-02	3.506177e+00
4.627983329927785e-03	-7.197958e-02	-7.197958e-02	3.862851e+00
4.641236678142070e-03	-7.744112e-02	-7.744112e-02	4.194140e+00
4.654490026356356e-03	-8.242753e-02	-8.242753e-02	4.500043e+00
4.667743374570641e-03	-8.693881e-02	-8.693881e-02	4.780560e+00
4.681694267427784e-03	-9.097215e-02	-9.097215e-02	5.036525e+00
4.695645160284926e-03	-9.426073e-02	-9.426073e-02	5.250633e+00
4.709596053142069e-03	-9.680455e-02	-9.680455e-02	5.422885e+00
4.723546945999212e-03	-9.860361e-02	-9.860361e-02	5.553279e+00
4.737497838856354e-03	-9.965792e-02	-9.965792e-02	5.641815e+00
4.751448731713496e-03	-9.996747e-02	-9.996747e-02	5.688495e+00
4.765399624570639e-03	-9.953225e-02	-9.953225e-02	5.693317e+00
4.780048062070639e-03	-9.815173e-02	-9.815173e-02	5.645579e+00
4.794696499570639e-03	-9.600496e-02	-9.600496e-02	5.553110e+00
4.809344937070638e-03	-9.309194e-02	-9.309194e-02	5.415910e+00
4.823993374570638e-03	-8.941266e-02	-8.941266e-02	5.233978e+00
4.838641812070638e-03	-8.496714e-02	-8.496714e-02	5.007316e+00
4.853290249570637e-03	-7.975536e-02	-7.975536e-02	4.735923e+00
4.867938687070637e-03	-7.377733e-02	-7.377733e-02	4.419798e+00
4.872123954927780e-03	-7.197353e-02	-7.197353e-02	4.323534e+00
4.876309222784922e-03	-7.012326e-02	-7.012326e-02	4.224455e+00
4.880494490642065e-03	-6.822652e-02	-6.822652e-02	4.122563e+00
4.884679758499208e-03	-6.628330e-02	-6.628330e-02	4.017857e+00
4.888865026356351e-03	-6.429361e-02	-6.429361e-02	3.910337e+00
4.893050294213493e-03	-6.225745e-02	-6.225745e-02	3.800003e+00
4.897235562070636e-03	-6.017481e-02	-6.017481e-02	3.686855e+00
4.902118374570636e-03	-5.769654e-02	-5.769654e-02	3.551845e+00
4.911883999570636e-03	-5.252709e-02	-5.252709e-02	3.269019e+00
4.921649624570636e-03	-4.721159e-02	-4.721159e-02	2.976736e+00
4.931415249570636e-03	-4.175002e-02	-4.175002e-02	2.674994e+00
4.941180874570635e-03	-3.614240e-02	-3.614240e-02	2.363795e+00
4.950946499570635e-03	-3.038872e-02	-3.038872e-02	2.043138e+00
4.960712124570635e-03	-2.448898e-02	-2.448898e-02	1.713022e+00
4.970477749570635e-03	-1.844319e-02	-1.844319e-02	1.373449e+00
4.973965472784920e-03	-1.628251e-02	-1.628251e-02	1.251768e+00
4.977453195999206e-03	-1.411662e-02	-1.411662e-02	1.129632e+00
4.980940919213491e-03	-1.194553e-02	-1.194553e-02	1.007040e+00
4.984428642427778e-03	-9.769215e-03	-9.769215e-03	8.839931e-01
4.987916365642063e-03	-7.587694e-03	-7.587694e-03	7.604907e-01
4.991404088856349e-03	-5.400962e-03	-5.400962e-03	6.365329e-01
4.994891812070634e-03	-3.209018e-03	-3.209018e-03	5.121199e-01
4.999774624570634e-03	-1.416075e-04	-1.416075e-04	3.378221e-01
5.000000000000000e-03	-1.224647e-16	-1.224647e-16	3.297667e-01
