time	V(v1)	V(v2)	V(vo)
0.000000000000000e+00	0.000000e+00	0.000000e+00	-2.553512e-03
1.815221612763076e-07	1.140540e-04	0.000000e+00	-2.571353e-03
3.630443225526152e-07	2.281075e-04	0.000000e+00	-2.656874e-03
5.445664838289228e-07	3.421605e-04	0.000000e+00	-2.810074e-03
7.260886451052303e-07	4.562130e-04	0.000000e+00	-3.030953e-03
9.076108063815379e-07	5.702650e-04	0.000000e+00	-3.319511e-03
1.089132967657846e-06	6.843166e-04	0.000000e+00	-3.675748e-03
1.270655128934153e-06	7.983677e-04	0.000000e+00	-4.099665e-03
2.336062029441451e-06	1.467738e-03	0.000000e+00	-7.700700e-03
3.872247080249807e-06	2.432765e-03	0.000000e+00	-1.572413e-02
5.910868665136344e-06	3.713055e-03	0.000000e+00	-3.087259e-02
8.569472250411616e-06	5.381757e-03	0.000000e+00	-5.685241e-02
1.206475893010585e-05	7.573253e-03	0.000000e+00	-9.895831e-02
1.665904942142310e-05	1.044809e-02	0.000000e+00	-1.632360e-01
2.154186192142310e-05	1.349386e-02	0.000000e+00	-2.386445e-01
2.642467442142310e-05	1.652694e-02	0.000000e+00	-3.187302e-01
3.130748692142310e-05	1.954446e-02	0.000000e+00	-4.014538e-01
3.619029942142310e-05	2.254358e-02	0.000000e+00	-4.855061e-01
4.595592442142309e-05	2.847538e-02	0.000000e+00	-6.547204e-01
6.060436192142309e-05	3.716525e-02	0.000000e+00	-9.061024e-01
7.246262084999453e-05	4.405731e-02	0.000000e+00	-1.107226e+00
8.432087977856598e-05	5.061929e-02	0.000000e+00	-1.299711e+00
9.617913870713741e-05	5.685120e-02	0.000000e+00	-1.483557e+00
1.080373976357089e-04	6.275302e-02	0.000000e+00	-1.658765e+00
1.198956565642803e-04	6.832478e-02	0.000000e+00	-1.825335e+00
1.317539154928517e-04	7.356645e-02	0.000000e+00	-1.983266e+00
1.436121744214232e-04	7.847805e-02	0.000000e+00	-2.132559e+00
1.554704333499946e-04	8.291780e-02	0.000000e+00	-2.269016e+00
1.673286922785661e-04	8.685120e-02	0.000000e+00	-2.391429e+00
1.791869512071375e-04	9.027825e-02	0.000000e+00	-2.499798e+00
1.910452101357089e-04	9.319895e-02	0.000000e+00	-2.594123e+00
2.029034690642804e-04	9.561329e-02	0.000000e+00	-2.674403e+00
2.147617279928518e-04	9.752129e-02	0.000000e+00	-2.740639e+00
2.266199869214232e-04	9.892295e-02	0.000000e+00	-2.792831e+00
2.356880672785661e-04	9.959471e-02	0.000000e+00	-2.821409e+00
2.447561476357089e-04	9.994353e-02	0.000000e+00	-2.840769e+00
2.538242279928519e-04	9.996938e-02	0.000000e+00	-2.850912e+00
2.628923083499947e-04	9.967228e-02	0.000000e+00	-2.851838e+00
2.719603887071376e-04	9.905221e-02	0.000000e+00	-2.843547e+00
2.810284690642804e-04	9.810919e-02	0.000000e+00	-2.826039e+00
2.900965494214233e-04	9.684321e-02	0.000000e+00	-2.799314e+00
3.019548083499947e-04	9.467149e-02	0.000000e+00	-2.749524e+00
3.138130672785662e-04	9.201913e-02	0.000000e+00	-2.685609e+00
3.256713262071376e-04	8.888614e-02	0.000000e+00	-2.607571e+00
3.375295851357091e-04	8.527251e-02	0.000000e+00	-2.515410e+00
3.493878440642805e-04	8.117826e-02	0.000000e+00	-2.409125e+00
3.612461029928519e-04	7.660337e-02	0.000000e+00	-2.288717e+00
3.731043619214234e-04	7.154785e-02	0.000000e+00	-2.154185e+00
3.849626208499948e-04	6.606215e-02	0.000000e+00	-2.006717e+00
3.968208797785662e-04	6.029451e-02	0.000000e+00	-1.850441e+00
4.086791387071377e-04	5.424495e-02	0.000000e+00	-1.685357e+00
4.205373976357092e-04	4.791345e-02	0.000000e+00	-1.511464e+00
4.323956565642806e-04	4.130002e-02	0.000000e+00	-1.328764e+00
4.442539154928520e-04	3.440467e-02	0.000000e+00	-1.137256e+00
4.561121744214234e-04	2.722738e-02	0.000000e+00	-9.369390e-01
4.623900762071377e-04	2.339655e-02	0.000000e+00	-8.296070e-01
4.686679779928520e-04	1.954440e-02	0.000000e+00	-7.214129e-01
4.749458797785663e-04	1.567093e-02	0.000000e+00	-6.123569e-01
4.812237815642806e-04	1.177615e-02	0.000000e+00	-5.024389e-01
4.875016833499949e-04	7.860044e-03	0.000000e+00	-3.916589e-01
4.937795851357092e-04	3.922621e-03	0.000000e+00	-2.800169e-01
5.000574869214235e-04	-3.612010e-05	0.000000e+00	-1.675129e-01
5.147059244214235e-04	-9.226862e-03	0.000000e+00	9.469015e-02
5.209838262071378e-04	-1.316134e-02	0.000000e+00	2.073721e-01
5.272617279928521e-04	-1.706034e-02	0.000000e+00	3.192957e-01
5.335396297785664e-04	-2.092387e-02	0.000000e+00	4.304610e-01
5.398175315642806e-04	-2.475191e-02	0.000000e+00	5.408681e-01
5.460954333499949e-04	-2.854449e-02	0.000000e+00	6.505170e-01
5.523733351357092e-04	-3.230158e-02	0.000000e+00	7.594075e-01
5.586512369214235e-04	-3.602320e-02	0.000000e+00	8.675398e-01
5.705094958499949e-04	-4.295257e-02	0.000000e+00	1.069673e+00
5.823677547785664e-04	-4.955731e-02	0.000000e+00	1.263310e+00
5.942260137071379e-04	-5.583743e-02	0.000000e+00	1.448451e+00
6.060842726357093e-04	-6.179291e-02	0.000000e+00	1.625096e+00
6.179425315642808e-04	-6.742376e-02	0.000000e+00	1.793244e+00
6.298007904928522e-04	-7.272999e-02	0.000000e+00	1.952896e+00
6.416590494214236e-04	-7.771158e-02	0.000000e+00	2.104052e+00
6.535173083499950e-04	-8.222593e-02	0.000000e+00	2.242541e+00
6.653755672785665e-04	-8.623666e-02	0.000000e+00	2.367074e+00
6.772338262071379e-04	-8.974376e-02	0.000000e+00	2.477650e+00
6.890920851357093e-04	-9.274723e-02	0.000000e+00	2.574270e+00
7.009503440642809e-04	-9.524707e-02	0.000000e+00	2.656933e+00
7.128086029928523e-04	-9.724329e-02	0.000000e+00	2.725639e+00
7.246668619214237e-04	-9.873588e-02	0.000000e+00	2.780389e+00
7.337349422785666e-04	-9.947758e-02	0.000000e+00	2.810942e+00
7.428030226357094e-04	-9.989614e-02	0.000000e+00	2.832279e+00
7.518711029928523e-04	-9.999156e-02	0.000000e+00	2.844400e+00
7.609391833499951e-04	-9.976384e-02	0.000000e+00	2.847306e+00
7.700072637071380e-04	-9.921297e-02	0.000000e+00	2.840996e+00
7.790753440642809e-04	-9.833897e-02	0.000000e+00	2.825470e+00
7.881434244214237e-04	-9.714182e-02	0.000000e+00	2.800728e+00
7.993041387071380e-04	-9.520224e-02	0.000000e+00	2.756869e+00
8.104648529928523e-04	-9.283012e-02	0.000000e+00	2.700325e+00
8.216255672785667e-04	-9.002548e-02	0.000000e+00	2.631097e+00
8.327862815642810e-04	-8.678832e-02	0.000000e+00	2.549186e+00
8.439469958499952e-04	-8.311863e-02	0.000000e+00	2.454589e+00
8.551077101357095e-04	-7.901642e-02	0.000000e+00	2.347309e+00
8.662684244214238e-04	-7.448168e-02	0.000000e+00	2.227345e+00
8.781266833499952e-04	-6.922379e-02	0.000000e+00	2.086741e+00
8.899849422785667e-04	-6.366386e-02	0.000000e+00	1.936778e+00
9.018432012071381e-04	-5.780192e-02	0.000000e+00	1.777456e+00
9.137014601357095e-04	-5.163795e-02	0.000000e+00	1.608776e+00
9.255597190642811e-04	-4.517195e-02	0.000000e+00	1.430736e+00
9.374179779928525e-04	-3.840392e-02	0.000000e+00	1.243337e+00
9.492762369214239e-04	-3.133387e-02	0.000000e+00	1.046580e+00
9.562516833499953e-04	-2.712237e-02	0.000000e+00	9.288889e-01
9.632271297785666e-04	-2.287933e-02	0.000000e+00	8.099868e-01
9.702025762071380e-04	-1.860475e-02	0.000000e+00	6.898734e-01
9.771780226357093e-04	-1.429863e-02	0.000000e+00	5.685488e-01
9.841534690642807e-04	-9.960971e-03	0.000000e+00	4.460129e-01
9.911289154928521e-04	-5.591773e-03	0.000000e+00	3.222658e-01
9.981043619214235e-04	-1.191036e-03	0.000000e+00	1.973075e-01
1.001592085135709e-03	1.002946e-03	0.000000e+00	1.348876e-01
1.005079808349995e-03	3.193820e-03	0.000000e+00	7.247663e-02
1.008567531564280e-03	5.381588e-03	0.000000e+00	1.007451e-02
1.012055254778566e-03	7.566248e-03	0.000000e+00	-5.231873e-02
1.015542977992852e-03	9.747801e-03	0.000000e+00	-1.147031e-01
1.019030701207137e-03	1.192625e-02	0.000000e+00	-1.770786e-01
1.022518424421423e-03	1.410158e-02	0.000000e+00	-2.394453e-01
1.030191415492851e-03	1.888306e-02	0.000000e+00	-3.768206e-01
1.037864406564280e-03	2.359378e-02	0.000000e+00	-5.125491e-01
1.045537397635708e-03	2.823373e-02	0.000000e+00	-6.466309e-01
1.053210388707137e-03	3.280292e-02	0.000000e+00	-7.790659e-01
1.060883379778565e-03	3.730135e-02	0.000000e+00	-9.098542e-01
1.068556370849994e-03	4.172902e-02	0.000000e+00	-1.038996e+00
1.076229361921422e-03	4.608593e-02	0.000000e+00	-1.166490e+00
1.089482710135707e-03	5.341466e-02	0.000000e+00	-1.382043e+00
1.102736058349993e-03	6.026434e-02	0.000000e+00	-1.584785e+00
1.115989406564278e-03	6.663498e-02	0.000000e+00	-1.774716e+00
1.129242754778564e-03	7.252658e-02	0.000000e+00	-1.951837e+00
1.142496102992849e-03	7.793913e-02	0.000000e+00	-2.116146e+00
1.155749451207134e-03	8.287264e-02	0.000000e+00	-2.267645e+00
1.169002799421420e-03	8.732710e-02	0.000000e+00	-2.406333e+00
1.179465969064277e-03	9.036082e-02	0.000000e+00	-2.502458e+00
1.189929138707134e-03	9.298111e-02	0.000000e+00	-2.587016e+00
1.200392308349991e-03	9.518799e-02	0.000000e+00	-2.660007e+00
1.210855477992848e-03	9.698145e-02	0.000000e+00	-2.721432e+00
1.221318647635704e-03	9.836149e-02	0.000000e+00	-2.771290e+00
1.231781817278561e-03	9.932811e-02	0.000000e+00	-2.809581e+00
1.242244986921418e-03	9.988131e-02	0.000000e+00	-2.836307e+00
1.250615522635704e-03	9.999521e-02	0.000000e+00	-2.848331e+00
1.258986058349989e-03	9.983591e-02	0.000000e+00	-2.852521e+00
1.267356594064275e-03	9.940342e-02	0.000000e+00	-2.848877e+00
1.275727129778560e-03	9.869773e-02	0.000000e+00	-2.837397e+00
1.284097665492846e-03	9.771884e-02	0.000000e+00	-2.818083e+00
1.292468201207131e-03	9.646676e-02	0.000000e+00	-2.790934e+00
1.300838736921417e-03	9.494148e-02	0.000000e+00	-2.755950e+00
1.313394540492845e-03	9.210654e-02	0.000000e+00	-2.687717e+00
1.325950344064274e-03	8.876010e-02	0.000000e+00	-2.604355e+00
1.338506147635702e-03	8.490217e-02	0.000000e+00	-2.505866e+00
1.351061951207130e-03	8.053275e-02	0.000000e+00	-2.392248e+00
1.363617754778559e-03	7.565183e-02	0.000000e+00	-2.263504e+00
1.376173558349987e-03	7.025942e-02	0.000000e+00	-2.119631e+00
1.388729361921415e-03	6.435551e-02	0.000000e+00	-1.960631e+00
1.399192531564272e-03	5.912606e-02	0.000000e+00	-1.818643e+00
1.409655701207129e-03	5.370222e-02	0.000000e+00	-1.670487e+00
1.420118870849986e-03	4.808400e-02	0.000000e+00	-1.516165e+00
1.430582040492843e-03	4.227139e-02	0.000000e+00	-1.355675e+00
1.441045210135700e-03	3.626440e-02	0.000000e+00	-1.189018e+00
1.451508379778557e-03	3.006303e-02	0.000000e+00	-1.016194e+00
1.461971549421414e-03	2.366727e-02	0.000000e+00	-8.372027e-01
1.467551906564271e-03	2.023612e-02	0.000000e+00	-7.408607e-01
1.473132263707128e-03	1.679074e-02	0.000000e+00	-6.439113e-01
1.478712620849985e-03	1.333112e-02	0.000000e+00	-5.463544e-01
1.484292977992842e-03	9.857266e-03	0.000000e+00	-4.481899e-01
1.489873335135699e-03	6.369176e-03	0.000000e+00	-3.494180e-01
1.495453692278556e-03	2.866852e-03	0.000000e+00	-2.500385e-01
1.501034049421413e-03	-6.497079e-04	0.000000e+00	-1.500516e-01
1.515682486921412e-03	-9.837660e-03	0.000000e+00	1.121657e-01
1.522657933349984e-03	-1.420881e-02	0.000000e+00	2.374160e-01
1.529633379778555e-03	-1.853218e-02	0.000000e+00	3.616152e-01
1.536608826207126e-03	-2.280778e-02	0.000000e+00	4.847634e-01
1.543584272635698e-03	-2.703560e-02	0.000000e+00	6.068605e-01
1.550559719064269e-03	-3.121564e-02	0.000000e+00	7.279065e-01
1.557535165492840e-03	-3.534791e-02	0.000000e+00	8.479013e-01
1.564510611921411e-03	-3.943240e-02	0.000000e+00	9.668452e-01
1.576368870849982e-03	-4.624672e-02	0.000000e+00	1.166125e+00
1.588227129778554e-03	-5.272022e-02	0.000000e+00	1.356428e+00
1.600085388707125e-03	-5.885291e-02	0.000000e+00	1.537754e+00
1.611943647635696e-03	-6.464477e-02	0.000000e+00	1.710102e+00
1.623801906564267e-03	-7.009580e-02	0.000000e+00	1.873472e+00
1.635660165492839e-03	-7.520602e-02	0.000000e+00	2.027866e+00
1.647518424421410e-03	-7.997542e-02	0.000000e+00	2.173282e+00
1.659376683349981e-03	-8.426396e-02	0.000000e+00	2.305615e+00
1.671234942278552e-03	-8.804094e-02	0.000000e+00	2.423735e+00
1.683093201207123e-03	-9.130635e-02	0.000000e+00	2.527641e+00
1.694951460135694e-03	-9.406020e-02	0.000000e+00	2.617334e+00
1.706809719064265e-03	-9.630248e-02	0.000000e+00	2.692814e+00
1.718667977992837e-03	-9.803321e-02	0.000000e+00	2.754080e+00
1.730526236921408e-03	-9.925237e-02	0.000000e+00	2.801133e+00
1.739594317278551e-03	-9.978397e-02	0.000000e+00	2.825747e+00
1.748662397635693e-03	-9.999314e-02	0.000000e+00	2.841145e+00
1.757730477992836e-03	-9.987986e-02	0.000000e+00	2.847328e+00
1.766798558349978e-03	-9.944413e-02	0.000000e+00	2.844295e+00
1.775866638707121e-03	-9.868596e-02	0.000000e+00	2.832047e+00
1.784934719064264e-03	-9.760534e-02	0.000000e+00	2.810583e+00
1.794002799421407e-03	-9.620228e-02	0.000000e+00	2.779903e+00
1.805861058349978e-03	-9.385375e-02	0.000000e+00	2.724990e+00
1.817719317278549e-03	-9.103138e-02	0.000000e+00	2.656127e+00
1.829577576207120e-03	-8.773515e-02	0.000000e+00	2.573314e+00
1.841435835135691e-03	-8.396508e-02	0.000000e+00	2.476551e+00
1.853294094064262e-03	-7.972116e-02	0.000000e+00	2.365838e+00
1.865152352992834e-03	-7.500339e-02	0.000000e+00	2.241175e+00
1.877010611921405e-03	-6.981177e-02	0.000000e+00	2.102562e+00
1.888171326207119e-03	-6.455069e-02	0.000000e+00	1.960777e+00
1.899332040492833e-03	-5.904357e-02	0.000000e+00	1.811290e+00
1.910492754778547e-03	-5.329040e-02	0.000000e+00	1.654102e+00
1.921653469064261e-03	-4.729118e-02	0.000000e+00	1.489212e+00
1.932814183349975e-03	-4.104593e-02	0.000000e+00	1.316621e+00
1.943974897635689e-03	-3.455462e-02	0.000000e+00	1.136328e+00
1.955135611921403e-03	-2.781728e-02	0.000000e+00	9.483339e-01
1.961413513707117e-03	-2.399266e-02	0.000000e+00	8.412176e-01
1.967691415492831e-03	-2.014578e-02	0.000000e+00	7.332128e-01
1.973969317278545e-03	-1.627664e-02	0.000000e+00	6.243193e-01
1.980247219064260e-03	-1.238524e-02	0.000000e+00	5.145373e-01
1.986525120849974e-03	-8.471581e-03	0.000000e+00	4.038666e-01
1.992803022635688e-03	-4.535656e-03	0.000000e+00	2.923072e-01
1.999080924421402e-03	-5.774690e-04	0.000000e+00	1.798593e-01
2.008846549421402e-03	5.555589e-03	0.000000e+00	5.108061e-03
2.013729361921402e-03	8.622851e-03	0.000000e+00	-8.252438e-02
2.018612174421402e-03	1.167486e-02	0.000000e+00	-1.698769e-01
2.023494986921402e-03	1.471161e-02	0.000000e+00	-2.569495e-01
2.028377799421402e-03	1.773311e-02	0.000000e+00	-3.437421e-01
2.033260611921401e-03	2.073936e-02	0.000000e+00	-4.302548e-01
2.038143424421401e-03	2.373035e-02	0.000000e+00	-5.164875e-01
2.043026236921401e-03	2.670609e-02	0.000000e+00	-6.024404e-01
2.053489406564258e-03	3.304234e-02	0.000000e+00	-7.860320e-01
2.063952576207115e-03	3.917226e-02	0.000000e+00	-9.643795e-01
2.074415745849972e-03	4.509585e-02	0.000000e+00	-1.137483e+00
2.084878915492829e-03	5.081311e-02	0.000000e+00	-1.305342e+00
2.095342085135686e-03	5.632404e-02	0.000000e+00	-1.467957e+00
2.105805254778543e-03	6.162863e-02	0.000000e+00	-1.625328e+00
2.116268424421400e-03	6.672690e-02	0.000000e+00	-1.777455e+00
2.129521772635685e-03	7.277026e-02	0.000000e+00	-1.959243e+00
2.142775120849971e-03	7.822679e-02	0.000000e+00	-2.124929e+00
2.156028469064256e-03	8.309648e-02	0.000000e+00	-2.274513e+00
2.169281817278541e-03	8.737933e-02	0.000000e+00	-2.407995e+00
2.182535165492827e-03	9.107534e-02	0.000000e+00	-2.525376e+00
2.195788513707112e-03	9.418451e-02	0.000000e+00	-2.626655e+00
2.209041861921398e-03	9.670684e-02	0.000000e+00	-2.711832e+00
2.217412397635683e-03	9.791462e-02	0.000000e+00	-2.754751e+00
2.225782933349969e-03	9.884741e-02	0.000000e+00	-2.789879e+00
2.234153469064254e-03	9.950523e-02	0.000000e+00	-2.817217e+00
2.242524004778540e-03	9.988807e-02	0.000000e+00	-2.836765e+00
2.250894540492825e-03	9.999593e-02	0.000000e+00	-2.848523e+00
2.259265076207111e-03	9.982881e-02	0.000000e+00	-2.852490e+00
2.267635611921396e-03	9.938671e-02	0.000000e+00	-2.848667e+00
2.277401236921396e-03	9.850468e-02	0.000000e+00	-2.833741e+00
2.287166861921396e-03	9.726750e-02	0.000000e+00	-2.808512e+00
2.296932486921396e-03	9.567517e-02	0.000000e+00	-2.772979e+00
2.306698111921396e-03	9.372768e-02	0.000000e+00	-2.727142e+00
2.316463736921395e-03	9.142503e-02	0.000000e+00	-2.671002e+00
2.326229361921395e-03	8.876723e-02	0.000000e+00	-2.604558e+00
2.335994986921395e-03	8.575428e-02	0.000000e+00	-2.527811e+00
2.349248335135680e-03	8.107600e-02	0.000000e+00	-2.406413e+00
2.362501683349966e-03	7.593441e-02	0.000000e+00	-2.270990e+00
2.375755031564251e-03	7.032951e-02	0.000000e+00	-2.121542e+00
2.389008379778537e-03	6.426131e-02	0.000000e+00	-1.958069e+00
2.402261727992822e-03	5.772979e-02	0.000000e+00	-1.780570e+00
2.415515076207107e-03	5.073496e-02	0.000000e+00	-1.589046e+00
2.428768424421393e-03	4.327682e-02	0.000000e+00	-1.383496e+00
2.437138960135679e-03	3.844303e-02	0.000000e+00	-1.249552e+00
2.445509495849964e-03	3.353742e-02	0.000000e+00	-1.113124e+00
2.453880031564250e-03	2.856000e-02	0.000000e+00	-9.742102e-01
2.462250567278535e-03	2.351077e-02	0.000000e+00	-8.328115e-01
2.470621102992821e-03	1.838974e-02	0.000000e+00	-6.889277e-01
2.478991638707106e-03	1.319689e-02	0.000000e+00	-5.425589e-01
2.487362174421392e-03	7.932238e-03	0.000000e+00	-3.937050e-01
2.502010611921391e-03	-1.263271e-03	0.000000e+00	-1.325848e-01
2.516659049421391e-03	-1.044809e-02	0.000000e+00	1.296369e-01
2.523634495849963e-03	-1.481589e-02	0.000000e+00	2.548366e-01
2.530609942278533e-03	-1.913478e-02	0.000000e+00	3.789524e-01
2.537585388707105e-03	-2.340476e-02	0.000000e+00	5.019842e-01
2.544560835135676e-03	-2.762582e-02	0.000000e+00	6.239321e-01
2.551536281564248e-03	-3.179797e-02	0.000000e+00	7.447960e-01
2.558511727992819e-03	-3.592121e-02	0.000000e+00	8.645760e-01
2.565487174421390e-03	-3.999553e-02	0.000000e+00	9.832720e-01
2.578042977992818e-03	-4.719128e-02	0.000000e+00	1.193836e+00
2.590598781564247e-03	-5.399490e-02	0.000000e+00	1.394036e+00
2.603154585135675e-03	-6.040637e-02	0.000000e+00	1.583871e+00
2.615710388707103e-03	-6.642571e-02	0.000000e+00	1.763341e+00
2.628266192278531e-03	-7.205290e-02	0.000000e+00	1.932447e+00
2.640821995849960e-03	-7.728795e-02	0.000000e+00	2.091187e+00
2.653377799421388e-03	-8.213086e-02	0.000000e+00	2.239563e+00
2.664538513707102e-03	-8.595914e-02	0.000000e+00	2.358403e+00
2.675699227992816e-03	-8.933012e-02	0.000000e+00	2.464517e+00
2.686859942278530e-03	-9.224378e-02	0.000000e+00	2.557908e+00
2.698020656564245e-03	-9.470014e-02	0.000000e+00	2.638573e+00
2.709181370849959e-03	-9.669920e-02	0.000000e+00	2.706514e+00
2.720342085135673e-03	-9.824095e-02	0.000000e+00	2.761730e+00
2.731502799421387e-03	-9.932539e-02	0.000000e+00	2.804222e+00
2.740570879778529e-03	-9.982190e-02	0.000000e+00	2.827842e+00
2.749638960135672e-03	-9.999613e-02	0.000000e+00	2.842249e+00
2.758707040492814e-03	-9.984807e-02	0.000000e+00	2.847441e+00
2.767775120849957e-03	-9.937773e-02	0.000000e+00	2.843418e+00
2.776843201207100e-03	-9.858510e-02	0.000000e+00	2.830181e+00
2.785911281564243e-03	-9.747018e-02	0.000000e+00	2.807730e+00
2.794979361921385e-03	-9.603298e-02	0.000000e+00	2.776065e+00
2.806837620849956e-03	-9.364047e-02	0.000000e+00	2.719876e+00
2.818695879778527e-03	-9.077585e-02	0.000000e+00	2.649782e+00
2.830554138707099e-03	-8.743912e-02	0.000000e+00	2.565783e+00
2.842412397635670e-03	-8.363028e-02	0.000000e+00	2.467878e+00
2.854270656564241e-03	-7.934934e-02	0.000000e+00	2.356069e+00
2.866128915492812e-03	-7.459629e-02	0.000000e+00	2.230354e+00
2.877987174421383e-03	-6.937113e-02	0.000000e+00	2.090734e+00
2.889147888707097e-03	-6.408094e-02	0.000000e+00	1.948066e+00
2.900308602992811e-03	-5.854730e-02	0.000000e+00	1.797769e+00
2.911469317278525e-03	-5.277021e-02	0.000000e+00	1.639842e+00
2.922630031564240e-03	-4.674968e-02	0.000000e+00	1.474284e+00
2.933790745849954e-03	-4.048569e-02	0.000000e+00	1.301097e+00
2.944951460135668e-03	-3.397826e-02	0.000000e+00	1.120279e+00
2.956112174421382e-03	-2.722738e-02	0.000000e+00	9.318306e-01
2.962390076207096e-03	-2.339655e-02	0.000000e+00	8.244986e-01
2.968667977992810e-03	-1.954440e-02	0.000000e+00	7.163045e-01
2.974945879778524e-03	-1.567093e-02	0.000000e+00	6.072485e-01
2.981223781564239e-03	-1.177615e-02	0.000000e+00	4.973304e-01
2.987501683349953e-03	-7.860044e-03	0.000000e+00	3.865504e-01
2.993779585135667e-03	-3.922621e-03	0.000000e+00	2.749083e-01
3.000057486921381e-03	3.612010e-05	0.000000e+00	1.624042e-01
3.014705924421380e-03	9.226862e-03	0.000000e+00	-9.979881e-02
3.020983826207095e-03	1.316134e-02	0.000000e+00	-2.124807e-01
3.027261727992809e-03	1.706034e-02	0.000000e+00	-3.244043e-01
3.033539629778523e-03	2.092387e-02	0.000000e+00	-4.355697e-01
3.039817531564237e-03	2.475191e-02	0.000000e+00	-5.459768e-01
3.046095433349951e-03	2.854449e-02	0.000000e+00	-6.556256e-01
3.052373335135665e-03	3.230158e-02	0.000000e+00	-7.645161e-01
3.058651236921380e-03	3.602320e-02	0.000000e+00	-8.726484e-01
3.070509495849951e-03	4.295257e-02	0.000000e+00	-1.074782e+00
3.082367754778522e-03	4.955731e-02	0.000000e+00	-1.268419e+00
3.094226013707093e-03	5.583743e-02	0.000000e+00	-1.453560e+00
3.106084272635664e-03	6.179291e-02	0.000000e+00	-1.630204e+00
3.117942531564236e-03	6.742376e-02	0.000000e+00	-1.798352e+00
3.129800790492806e-03	7.272999e-02	0.000000e+00	-1.958004e+00
3.141659049421378e-03	7.771158e-02	0.000000e+00	-2.109160e+00
3.153517308349949e-03	8.222593e-02	0.000000e+00	-2.247649e+00
3.165375567278520e-03	8.623666e-02	0.000000e+00	-2.372182e+00
3.177233826207091e-03	8.974376e-02	0.000000e+00	-2.482758e+00
3.189092085135663e-03	9.274723e-02	0.000000e+00	-2.579377e+00
3.200950344064234e-03	9.524707e-02	0.000000e+00	-2.662040e+00
3.212808602992805e-03	9.724329e-02	0.000000e+00	-2.730746e+00
3.224666861921376e-03	9.873588e-02	0.000000e+00	-2.785496e+00
3.234432486921376e-03	9.952040e-02	0.000000e+00	-2.818010e+00
3.244198111921376e-03	9.993066e-02	0.000000e+00	-2.839840e+00
3.253963736921375e-03	9.996665e-02	0.000000e+00	-2.850987e+00
3.263729361921375e-03	9.962838e-02	0.000000e+00	-2.851451e+00
3.273494986921375e-03	9.891584e-02	0.000000e+00	-2.841232e+00
3.283260611921375e-03	9.782904e-02	0.000000e+00	-2.820330e+00
3.293026236921375e-03	9.636797e-02	0.000000e+00	-2.788744e+00
3.304884495849946e-03	9.406351e-02	0.000000e+00	-2.735108e+00
3.316742754778517e-03	9.128348e-02	0.000000e+00	-2.667478e+00
3.328601013707088e-03	8.802788e-02	0.000000e+00	-2.585855e+00
3.340459272635659e-03	8.429671e-02	0.000000e+00	-2.490237e+00
3.352317531564231e-03	8.008997e-02	0.000000e+00	-2.380625e+00
3.364175790492801e-03	7.540766e-02	0.000000e+00	-2.257018e+00
3.376034049421373e-03	7.024977e-02	0.000000e+00	-2.119418e+00
3.387194763707087e-03	6.501801e-02	0.000000e+00	-1.978521e+00
3.398355477992801e-03	5.953761e-02	0.000000e+00	-1.829851e+00
3.409516192278515e-03	5.380857e-02	0.000000e+00	-1.673408e+00
3.420676906564229e-03	4.783091e-02	0.000000e+00	-1.509192e+00
3.431837620849943e-03	4.160461e-02	0.000000e+00	-1.337204e+00
3.442998335135657e-03	3.512968e-02	0.000000e+00	-1.157443e+00
3.454159049421371e-03	2.840612e-02	0.000000e+00	-9.699097e-01
3.460436951207085e-03	2.458787e-02	0.000000e+00	-8.630134e-01
3.466714852992799e-03	2.074641e-02	0.000000e+00	-7.552019e-01
3.472992754778513e-03	1.688174e-02	0.000000e+00	-6.464751e-01
3.479270656564228e-03	1.299387e-02	0.000000e+00	-5.368332e-01
3.485548558349942e-03	9.082799e-03	0.000000e+00	-4.262760e-01
3.491826460135656e-03	5.148520e-03	0.000000e+00	-3.148037e-01
3.498104361921370e-03	1.191036e-03	0.000000e+00	-2.024161e-01
3.501592085135656e-03	-1.002946e-03	0.000000e+00	-1.399962e-01
3.505079808349942e-03	-3.193820e-03	0.000000e+00	-7.758526e-02
3.508567531564227e-03	-5.381588e-03	0.000000e+00	-1.518315e-02
3.512055254778513e-03	-7.566248e-03	0.000000e+00	4.721009e-02
3.515542977992798e-03	-9.747801e-03	0.000000e+00	1.095945e-01
3.519030701207084e-03	-1.192625e-02	0.000000e+00	1.719700e-01
3.522518424421370e-03	-1.410158e-02	0.000000e+00	2.343366e-01
3.530191415492798e-03	-1.888306e-02	0.000000e+00	3.717119e-01
3.537864406564227e-03	-2.359378e-02	0.000000e+00	5.074405e-01
3.545537397635655e-03	-2.823373e-02	0.000000e+00	6.415223e-01
3.553210388707083e-03	-3.280292e-02	0.000000e+00	7.739574e-01
3.560883379778512e-03	-3.730135e-02	0.000000e+00	9.047457e-01
3.568556370849940e-03	-4.172902e-02	0.000000e+00	1.033887e+00
3.576229361921369e-03	-4.608593e-02	0.000000e+00	1.161382e+00
3.589482710135654e-03	-5.341466e-02	0.000000e+00	1.376935e+00
3.602736058349940e-03	-6.026434e-02	0.000000e+00	1.579677e+00
3.615989406564225e-03	-6.663498e-02	0.000000e+00	1.769608e+00
3.629242754778510e-03	-7.252658e-02	0.000000e+00	1.946729e+00
3.642496102992796e-03	-7.793913e-02	0.000000e+00	2.111039e+00
3.655749451207081e-03	-8.287264e-02	0.000000e+00	2.262538e+00
3.669002799421367e-03	-8.732710e-02	0.000000e+00	2.401226e+00
3.679465969064224e-03	-9.036082e-02	0.000000e+00	2.497351e+00
3.689929138707080e-03	-9.298111e-02	0.000000e+00	2.581908e+00
3.700392308349937e-03	-9.518799e-02	0.000000e+00	2.654900e+00
3.710855477992794e-03	-9.698145e-02	0.000000e+00	2.716325e+00
3.721318647635651e-03	-9.836149e-02	0.000000e+00	2.766183e+00
3.731781817278508e-03	-9.932811e-02	0.000000e+00	2.804474e+00
3.742244986921365e-03	-9.988131e-02	0.000000e+00	2.831199e+00
3.750615522635651e-03	-9.999521e-02	0.000000e+00	2.843224e+00
3.758986058349936e-03	-9.983591e-02	0.000000e+00	2.847414e+00
3.767356594064222e-03	-9.940342e-02	0.000000e+00	2.843770e+00
3.775727129778507e-03	-9.869773e-02	0.000000e+00	2.832290e+00
3.784097665492793e-03	-9.771884e-02	0.000000e+00	2.812976e+00
3.792468201207078e-03	-9.646676e-02	0.000000e+00	2.785827e+00
3.800838736921364e-03	-9.494148e-02	0.000000e+00	2.750844e+00
3.813394540492792e-03	-9.210654e-02	0.000000e+00	2.682609e+00
3.825950344064221e-03	-8.876010e-02	0.000000e+00	2.599248e+00
3.838506147635649e-03	-8.490217e-02	0.000000e+00	2.500758e+00
3.851061951207077e-03	-8.053275e-02	0.000000e+00	2.387141e+00
3.863617754778505e-03	-7.565183e-02	0.000000e+00	2.258396e+00
3.876173558349934e-03	-7.025942e-02	0.000000e+00	2.114523e+00
3.888729361921362e-03	-6.435551e-02	0.000000e+00	1.955523e+00
3.899192531564219e-03	-5.912606e-02	0.000000e+00	1.813535e+00
3.909655701207076e-03	-5.370222e-02	0.000000e+00	1.665379e+00
3.920118870849933e-03	-4.808400e-02	0.000000e+00	1.511057e+00
3.930582040492790e-03	-4.227139e-02	0.000000e+00	1.350567e+00
3.941045210135647e-03	-3.626440e-02	0.000000e+00	1.183910e+00
3.951508379778504e-03	-3.006303e-02	0.000000e+00	1.011086e+00
3.961971549421361e-03	-2.366727e-02	0.000000e+00	8.320942e-01
3.967551906564218e-03	-2.023612e-02	0.000000e+00	7.357522e-01
3.973132263707075e-03	-1.679074e-02	0.000000e+00	6.388028e-01
3.978712620849932e-03	-1.333112e-02	0.000000e+00	5.412458e-01
3.984292977992789e-03	-9.857266e-03	0.000000e+00	4.430814e-01
3.989873335135645e-03	-6.369176e-03	0.000000e+00	3.443094e-01
3.995453692278503e-03	-2.866852e-03	0.000000e+00	2.449299e-01
4.001034049421360e-03	6.497079e-04	0.000000e+00	1.449430e-01
4.015682486921360e-03	9.837660e-03	0.000000e+00	-1.172743e-01
4.022657933349931e-03	1.420881e-02	0.000000e+00	-2.425247e-01
4.029633379778502e-03	1.853218e-02	0.000000e+00	-3.667239e-01
4.036608826207074e-03	2.280778e-02	0.000000e+00	-4.898721e-01
4.043584272635644e-03	2.703560e-02	0.000000e+00	-6.119691e-01
4.050559719064216e-03	3.121564e-02	0.000000e+00	-7.330151e-01
4.057535165492787e-03	3.534791e-02	0.000000e+00	-8.530099e-01
4.064510611921359e-03	3.943240e-02	0.000000e+00	-9.719536e-01
4.076368870849930e-03	4.624672e-02	0.000000e+00	-1.171234e+00
4.088227129778501e-03	5.272022e-02	0.000000e+00	-1.361536e+00
4.100085388707072e-03	5.885291e-02	0.000000e+00	-1.542862e+00
4.111943647635643e-03	6.464477e-02	0.000000e+00	-1.715210e+00
4.123801906564214e-03	7.009580e-02	0.000000e+00	-1.878581e+00
4.135660165492785e-03	7.520602e-02	0.000000e+00	-2.032974e+00
4.147518424421357e-03	7.997542e-02	0.000000e+00	-2.178390e+00
4.159376683349928e-03	8.426396e-02	0.000000e+00	-2.310723e+00
4.171234942278499e-03	8.804094e-02	0.000000e+00	-2.428842e+00
4.183093201207071e-03	9.130635e-02	0.000000e+00	-2.532749e+00
4.194951460135641e-03	9.406020e-02	0.000000e+00	-2.622442e+00
4.206809719064212e-03	9.630248e-02	0.000000e+00	-2.697921e+00
4.218667977992784e-03	9.803321e-02	0.000000e+00	-2.759187e+00
4.230526236921355e-03	9.925237e-02	0.000000e+00	-2.806240e+00
4.239594317278498e-03	9.978397e-02	0.000000e+00	-2.830854e+00
4.248662397635640e-03	9.999314e-02	0.000000e+00	-2.846252e+00
4.257730477992783e-03	9.987986e-02	0.000000e+00	-2.852435e+00
4.266798558349926e-03	9.944413e-02	0.000000e+00	-2.849402e+00
4.275866638707069e-03	9.868596e-02	0.000000e+00	-2.837154e+00
4.284934719064211e-03	9.760534e-02	0.000000e+00	-2.815690e+00
4.294002799421354e-03	9.620228e-02	0.000000e+00	-2.785010e+00
4.305861058349925e-03	9.385375e-02	0.000000e+00	-2.730097e+00
4.317719317278496e-03	9.103138e-02	0.000000e+00	-2.661234e+00
4.329577576207068e-03	8.773515e-02	0.000000e+00	-2.578421e+00
4.341435835135638e-03	8.396508e-02	0.000000e+00	-2.481658e+00
4.353294094064209e-03	7.972116e-02	0.000000e+00	-2.370945e+00
4.365152352992781e-03	7.500339e-02	0.000000e+00	-2.246282e+00
4.377010611921352e-03	6.981177e-02	0.000000e+00	-2.107669e+00
4.388171326207066e-03	6.455069e-02	0.000000e+00	-1.965884e+00
4.399332040492780e-03	5.904357e-02	0.000000e+00	-1.816398e+00
4.410492754778494e-03	5.329040e-02	0.000000e+00	-1.659210e+00
4.421653469064208e-03	4.729118e-02	0.000000e+00	-1.494320e+00
4.432814183349922e-03	4.104593e-02	0.000000e+00	-1.321729e+00
4.443974897635636e-03	3.455462e-02	0.000000e+00	-1.141437e+00
4.455135611921350e-03	2.781728e-02	0.000000e+00	-9.534422e-01
4.461413513707065e-03	2.399266e-02	0.000000e+00	-8.463261e-01
4.467691415492778e-03	2.014578e-02	0.000000e+00	-7.383213e-01
4.473969317278493e-03	1.627664e-02	0.000000e+00	-6.294278e-01
4.480247219064207e-03	1.238524e-02	0.000000e+00	-5.196458e-01
4.486525120849921e-03	8.471581e-03	0.000000e+00	-4.089751e-01
4.492803022635635e-03	4.535656e-03	0.000000e+00	-2.974158e-01
4.499080924421349e-03	5.774690e-04	0.000000e+00	-1.849679e-01
4.513729361921349e-03	-8.615717e-03	0.000000e+00	7.721099e-02
4.520007263707063e-03	-1.255285e-02	0.000000e+00	1.899283e-01
4.526285165492777e-03	-1.645543e-02	0.000000e+00	3.019141e-01
4.532563067278492e-03	-2.032347e-02	0.000000e+00	4.131684e-01
4.538840969064205e-03	-2.415696e-02	0.000000e+00	5.236912e-01
4.545118870849920e-03	-2.795590e-02	0.000000e+00	6.334825e-01
4.551396772635634e-03	-3.172029e-02	0.000000e+00	7.425423e-01
4.557674674421348e-03	-3.545013e-02	0.000000e+00	8.508707e-01
4.569532933349919e-03	-4.239777e-02	0.000000e+00	1.053453e+00
4.581391192278491e-03	-4.902351e-02	0.000000e+00	1.247620e+00
4.593249451207062e-03	-5.532738e-02	0.000000e+00	1.433373e+00
4.605107710135632e-03	-6.130935e-02	0.000000e+00	1.610711e+00
4.616965969064204e-03	-6.696944e-02	0.000000e+00	1.779633e+00
4.628824227992775e-03	-7.230764e-02	0.000000e+00	1.940141e+00
4.640682486921346e-03	-7.732396e-02	0.000000e+00	2.092234e+00
4.652540745849918e-03	-8.187536e-02	0.000000e+00	2.231731e+00
4.664399004778489e-03	-8.592452e-02	0.000000e+00	2.357316e+00
4.676257263707060e-03	-8.947144e-02	0.000000e+00	2.468989e+00
4.688115522635631e-03	-9.251613e-02	0.000000e+00	2.566751e+00
4.699973781564202e-03	-9.505858e-02	0.000000e+00	2.650601e+00
4.711832040492773e-03	-9.709879e-02	0.000000e+00	2.720538e+00
4.723690299421344e-03	-9.863676e-02	0.000000e+00	2.776564e+00
4.732758379778487e-03	-9.941339e-02	0.000000e+00	2.808103e+00
4.741826460135629e-03	-9.986680e-02	0.000000e+00	2.830427e+00
4.750894540492772e-03	-9.999700e-02	0.000000e+00	2.843537e+00
4.759962620849915e-03	-9.980399e-02	0.000000e+00	2.847432e+00
4.769030701207058e-03	-9.928775e-02	0.000000e+00	2.842113e+00
4.778098781564200e-03	-9.844831e-02	0.000000e+00	2.827579e+00
4.787166861921343e-03	-9.728564e-02	0.000000e+00	2.803830e+00
4.798327576207058e-03	-9.538797e-02	0.000000e+00	2.761183e+00
4.809488290492771e-03	-9.305638e-02	0.000000e+00	2.705817e+00
4.820649004778486e-03	-9.029088e-02	0.000000e+00	2.637731e+00
4.831809719064199e-03	-8.709146e-02	0.000000e+00	2.556925e+00
4.842970433349914e-03	-8.345812e-02	0.000000e+00	2.463401e+00
4.854131147635627e-03	-7.939087e-02	0.000000e+00	2.357157e+00
4.865291861921341e-03	-7.488970e-02	0.000000e+00	2.238193e+00
4.870174674421341e-03	-7.281642e-02	0.000000e+00	2.182973e+00
4.875057486921341e-03	-7.067981e-02	0.000000e+00	2.125836e+00
4.879940299421341e-03	-6.847987e-02	0.000000e+00	2.066783e+00
4.884823111921341e-03	-6.621660e-02	0.000000e+00	2.005812e+00
4.889705924421341e-03	-6.389001e-02	0.000000e+00	1.942923e+00
4.894588736921341e-03	-6.150008e-02	0.000000e+00	1.878118e+00
4.899471549421341e-03	-5.904682e-02	0.000000e+00	1.811396e+00
4.904354361921341e-03	-5.654339e-02	0.000000e+00	1.743112e+00
4.914119986921340e-03	-5.132658e-02	0.000000e+00	1.600221e+00
4.923885611921340e-03	-4.596856e-02	0.000000e+00	1.452735e+00
4.933651236921340e-03	-4.046936e-02	0.000000e+00	1.300656e+00
4.943416861921340e-03	-3.482896e-02	0.000000e+00	1.143984e+00
4.953182486921340e-03	-2.904737e-02	0.000000e+00	9.827178e-01
4.962948111921339e-03	-2.312458e-02	0.000000e+00	8.168581e-01
4.972713736921339e-03	-1.706060e-02	0.000000e+00	6.464048e-01
4.992244986921339e-03	-4.870690e-03	0.000000e+00	3.018155e-01
4.997127799421339e-03	-1.804559e-03	0.000000e+00	2.147668e-01
5.000000000000000e-03	-1.224647e-16	0.000000e+00	1.634687e-01
